   5.9967e-01  -1.8726e-01   8.9659e-01
  -4.0908e-03   1.2774e-03  -6.1163e-03
   5.8399e-01  -1.8236e-01   8.7314e-01
   1.8891e+00  -5.8990e-01   2.8245e+00
  -2.0818e+00   6.5006e-01  -3.1125e+00
   2.1475e-01  -6.7061e-02   3.2109e-01
   1.4277e+00  -4.4582e-01   2.1346e+00
   9.9481e-01  -3.1064e-01   1.4874e+00
   6.7526e-01  -2.1086e-01   1.0096e+00
   1.1144e+00  -3.4800e-01   1.6662e+00
   3.8466e-01  -1.2012e-01   5.7512e-01
  -1.3731e-02   4.2877e-03  -2.0530e-02
   9.7919e-01  -3.0577e-01   1.4640e+00
   9.1254e-01  -2.8495e-01   1.3644e+00
   7.9343e-01  -2.4776e-01   1.1863e+00
  -1.5317e-03   4.7830e-04  -2.2901e-03
   8.0229e-01  -2.5053e-01   1.1995e+00
  -2.7738e-01   8.6616e-02  -4.1472e-01
   1.7806e+00  -5.5602e-01   2.6622e+00
   9.9666e-01  -3.1122e-01   1.4901e+00
   1.1656e+00  -3.6397e-01   1.7427e+00
   1.3808e+00  -4.3116e-01   2.0644e+00
  -1.4043e-01   4.3853e-02  -2.0997e-01
  -1.0661e-01   3.3290e-02  -1.5939e-01
   8.6894e-02  -2.7134e-02   1.2992e-01
  -1.1166e+00   3.4867e-01  -1.6695e+00
   9.7471e-01  -3.0437e-01   1.4573e+00
  -2.8811e-01   8.9966e-02  -4.3076e-01
  -1.1953e+00   3.7324e-01  -1.7871e+00
   5.4582e+00  -1.7044e+00   8.1607e+00
   1.0521e-02  -3.2854e-03   1.5731e-02
   1.3195e+00  -4.1204e-01   1.9728e+00
  -3.2204e-01   1.0056e-01  -4.8149e-01
  -5.0454e-01   1.5755e-01  -7.5436e-01
   2.8851e+00  -9.0092e-01   4.3136e+00
   5.9189e-01  -1.8483e-01   8.8496e-01
   2.3836e+00  -7.4431e-01   3.5638e+00
  -4.9031e-02   1.5311e-02  -7.3307e-02
   2.2483e-01  -7.0206e-02   3.3615e-01
   1.5611e-01  -4.8747e-02   2.3340e-01
  -4.3101e-01   1.3459e-01  -6.4441e-01
  -8.6001e-01   2.6855e-01  -1.2858e+00
   1.1964e+00  -3.7360e-01   1.7888e+00
   4.1854e-02  -1.3069e-02   6.2577e-02
   8.3630e-01  -2.6115e-01   1.2504e+00
   1.0687e-01  -3.3373e-02   1.5979e-01
   1.2967e+00  -4.0491e-01   1.9387e+00
  -6.9462e-01   2.1691e-01  -1.0385e+00
  -5.7357e-01   1.7911e-01  -8.5757e-01
   1.2576e+00  -3.9271e-01   1.8803e+00
   1.2903e-02  -4.0290e-03   1.9291e-02
  -5.2954e-01   1.6536e-01  -7.9174e-01
  -6.3792e-02   1.9920e-02  -9.5377e-02
   5.6520e-02  -1.7649e-02   8.4506e-02
   3.9553e-02  -1.2351e-02   5.9137e-02
   9.9003e-04  -3.0915e-04   1.4802e-03
   7.2700e-01  -2.2702e-01   1.0870e+00
  -1.2157e-01   3.7963e-02  -1.8177e-01
   9.1727e-01  -2.8643e-01   1.3714e+00
   4.6138e-01  -1.4407e-01   6.8982e-01
  -1.3939e+00   4.3527e-01  -2.0841e+00
  -1.1870e-02   3.7066e-03  -1.7747e-02
   1.9202e+00  -5.9960e-01   2.8709e+00
   1.6206e-01  -5.0605e-02   2.4230e-01
   1.1966e+00  -3.7365e-01   1.7890e+00
  -1.8486e-01   5.7726e-02  -2.7639e-01
   9.6960e-01  -3.0277e-01   1.4497e+00
   1.2591e-03  -3.9318e-04   1.8826e-03
   4.9356e-01  -1.5412e-01   7.3795e-01
   1.4758e+00  -4.6083e-01   2.2065e+00
  -7.7135e-02   2.4087e-02  -1.1533e-01
   1.1613e+00  -3.6263e-01   1.7363e+00
   2.5998e+00  -8.1182e-01   3.8870e+00
   1.4477e-01  -4.5208e-02   2.1645e-01
   4.3833e-01  -1.3688e-01   6.5536e-01
   3.7789e-01  -1.1800e-01   5.6500e-01
  -7.9912e-02   2.4954e-02  -1.1948e-01
   1.7069e+00  -5.3300e-01   2.5520e+00
   1.3140e+00  -4.1031e-01   1.9646e+00
  -4.9963e-02   1.5602e-02  -7.4701e-02
   9.3438e-01  -2.9178e-01   1.3970e+00
   3.7531e-02  -1.1720e-02   5.6114e-02
   6.3515e-02  -1.9833e-02   9.4963e-02
   4.5059e-01  -1.4071e-01   6.7370e-01
   6.4545e-01  -2.0155e-01   9.6503e-01
   1.4640e-01  -4.5715e-02   2.1889e-01
  -1.5569e-01   4.8617e-02  -2.3278e-01
   2.2542e-01  -7.0391e-02   3.3703e-01
   1.0860e+00  -3.3913e-01   1.6238e+00
  -6.9110e-01   2.1581e-01  -1.0333e+00
  -1.0079e+00   3.1473e-01  -1.5070e+00
  -2.5596e+00   7.9928e-01  -3.8270e+00
   3.4417e-01  -1.0747e-01   5.1458e-01
   2.6164e-01  -8.1702e-02   3.9119e-01
  -1.7221e+00   5.3774e-01  -2.5747e+00
   1.7893e+00  -5.5875e-01   2.6753e+00
   2.5040e+00  -7.8191e-01   3.7438e+00
   5.6501e-01  -1.7643e-01   8.4476e-01
   3.8280e-01  -1.1954e-01   5.7234e-01
   3.9242e-01  -1.2254e-01   5.8673e-01
  -9.0720e-01   2.8329e-01  -1.3564e+00
   5.2848e-01  -1.6503e-01   7.9014e-01
  -9.6476e-01   3.0126e-01  -1.4424e+00
   1.7221e+00  -5.3775e-01   2.5748e+00
   1.5647e-02  -4.8861e-03   2.3395e-02
   7.9596e-02  -2.4855e-02   1.1901e-01
   8.9344e-01  -2.7899e-01   1.3358e+00
  -5.1016e-01   1.5931e-01  -7.6276e-01
   1.5426e-02  -4.8172e-03   2.3065e-02
  -1.3586e+00   4.2425e-01  -2.0313e+00
   9.7897e-01  -3.0570e-01   1.4637e+00
  -1.5788e+00   4.9301e-01  -2.3605e+00
   3.5624e-01  -1.1124e-01   5.3263e-01
  -6.9826e-01   2.1804e-01  -1.0440e+00
   4.8622e-01  -1.5183e-01   7.2696e-01
   1.3182e+00  -4.1164e-01   1.9709e+00
  -3.1201e-01   9.7430e-02  -4.6649e-01
   2.8664e-01  -8.9507e-02   4.2856e-01
  -4.2499e-01   1.3271e-01  -6.3541e-01
   4.2838e-02  -1.3377e-02   6.4048e-02
  -1.8746e-01   5.8536e-02  -2.8027e-01
   2.4770e-02  -7.7347e-03   3.7034e-02
   1.5049e-02  -4.6992e-03   2.2500e-02
   1.4885e+00  -4.6480e-01   2.2255e+00
  -9.8538e-03   3.0770e-03  -1.4733e-02
   1.4314e+00  -4.4699e-01   2.1402e+00
   5.8661e-01  -1.8318e-01   8.7706e-01
   4.0073e-01  -1.2513e-01   5.9914e-01
   5.3141e-01  -1.6594e-01   7.9453e-01
   1.9145e+00  -5.9783e-01   2.8624e+00
   2.6880e+00  -8.3936e-01   4.0189e+00
   9.3035e-02  -2.9052e-02   1.3910e-01
   2.7868e+00  -8.7021e-01   4.1666e+00
  -1.0628e-02   3.3188e-03  -1.5891e-02
   3.5163e+00  -1.0980e+00   5.2574e+00
   1.1281e+00  -3.5226e-01   1.6866e+00
  -3.2060e-01   1.0011e-01  -4.7935e-01
   1.6161e+00  -5.0464e-01   2.4162e+00
   1.7503e-01  -5.4655e-02   2.6169e-01
   2.1851e+00  -6.8234e-01   3.2670e+00
   1.4317e+00  -4.4707e-01   2.1406e+00
   1.9768e+00  -6.1729e-01   2.9556e+00
   4.2186e-02  -1.3173e-02   6.3073e-02
   3.1384e+00  -9.8001e-01   4.6923e+00
  -8.8048e-01   2.7494e-01  -1.3164e+00
  -7.2141e-01   2.2527e-01  -1.0786e+00
   1.2778e+00  -3.9903e-01   1.9106e+00
   1.5114e+00  -4.7195e-01   2.2597e+00
   1.3531e+00  -4.2253e-01   2.0231e+00
   1.8206e+00  -5.6852e-01   2.7221e+00
   1.5435e-01  -4.8197e-02   2.3077e-01
   7.3588e-02  -2.2979e-02   1.1002e-01
  -4.8490e-02   1.5142e-02  -7.2500e-02
  -4.9162e-01   1.5352e-01  -7.3503e-01
   1.3927e+00  -4.3489e-01   2.0823e+00
   1.6512e+00  -5.1563e-01   2.4688e+00
   2.4145e-01  -7.5398e-02   3.6101e-01
   9.2113e-01  -2.8764e-01   1.3772e+00
   1.1707e+00  -3.6558e-01   1.7504e+00
   2.5977e+00  -8.1119e-01   3.8840e+00
   1.1235e+00  -3.5084e-01   1.6798e+00
   9.2526e-01  -2.8893e-01   1.3834e+00
   4.1429e-01  -1.2937e-01   6.1941e-01
   7.2597e-03  -2.2669e-03   1.0854e-02
   3.4160e-01  -1.0667e-01   5.1074e-01
   4.5464e-02  -1.4197e-02   6.7975e-02
   4.3029e+00  -1.3437e+00   6.4335e+00
   8.4102e-01  -2.6262e-01   1.2574e+00
   1.6150e-01  -5.0431e-02   2.4146e-01
  -9.5594e-05   2.9851e-05  -1.4293e-04
   1.3210e+00  -4.1249e-01   1.9750e+00
   2.2191e+00  -6.9294e-01   3.3178e+00
   1.9201e+00  -5.9960e-01   2.8709e+00
   2.2914e+00  -7.1552e-01   3.4259e+00
   4.0570e-01  -1.2668e-01   6.0657e-01
   6.0109e-01  -1.8770e-01   8.9871e-01
   1.6422e+00  -5.1280e-01   2.4553e+00
   1.8678e+00  -5.8324e-01   2.7926e+00
  -2.1021e+00   6.5642e-01  -3.1429e+00
   2.8730e-01  -8.9713e-02   4.2955e-01
   9.2379e-01  -2.8847e-01   1.3812e+00
  -7.2958e-01   2.2782e-01  -1.0908e+00
   2.5282e+00  -7.8948e-01   3.7801e+00
   1.0298e+00  -3.2157e-01   1.5397e+00
   7.1100e-01  -2.2202e-01   1.0630e+00
   5.1725e-01  -1.6152e-01   7.7337e-01
   1.8088e+00  -5.6484e-01   2.7044e+00
  -6.2232e-01   1.9433e-01  -9.3045e-01
   1.7867e+00  -5.5792e-01   2.6713e+00
   3.3288e-01  -1.0395e-01   4.9771e-01
   6.2133e-03  -1.9402e-03   9.2897e-03
  -3.0838e-02   9.6296e-03  -4.6107e-02
   2.4516e+00  -7.6554e-01   3.6654e+00
   8.9345e-02  -2.7899e-02   1.3358e-01
   1.8846e-02  -5.8849e-03   2.8177e-02
   6.1024e-01  -1.9056e-01   9.1239e-01
   1.0690e+00  -3.3380e-01   1.5983e+00
   2.2939e+00  -7.1630e-01   3.4297e+00
   1.5982e+00  -4.9907e-01   2.3895e+00
   3.1083e-01  -9.7062e-02   4.6474e-01
   3.8132e+00  -1.1907e+00   5.7012e+00
   4.4997e+00  -1.4051e+00   6.7277e+00
   4.5058e-01  -1.4070e-01   6.7368e-01
   2.6565e+00  -8.2954e-01   3.9719e+00
  -4.0865e-01   1.2761e-01  -6.1098e-01
   3.8930e-01  -1.2157e-01   5.8206e-01
   2.4616e+00  -7.6868e-01   3.6804e+00
  -2.3887e-02   7.4590e-03  -3.5714e-02
  -1.7199e-02   5.3706e-03  -2.5714e-02
   2.4537e+00  -7.6620e-01   3.6686e+00
   1.8703e-03  -5.8403e-04   2.7963e-03
  -1.1497e-02   3.5903e-03  -1.7190e-02
   2.7817e-01  -8.6863e-02   4.1590e-01
   1.6521e+00  -5.1590e-01   2.4701e+00
   1.4099e-01  -4.4025e-02   2.1079e-01
   7.8225e-01  -2.4427e-01   1.1696e+00
   1.4117e+00  -4.4083e-01   2.1107e+00
   9.1848e-01  -2.8681e-01   1.3732e+00
   1.5625e+00  -4.8791e-01   2.3361e+00
   2.6581e+00  -8.3005e-01   3.9743e+00
   4.5697e-02  -1.4270e-02   6.8323e-02
   3.8506e+00  -1.2024e+00   5.7571e+00
   2.6015e+00  -8.1235e-01   3.8895e+00
   4.4235e-01  -1.3813e-01   6.6137e-01
   5.6912e-02  -1.7772e-02   8.5091e-02
   1.1720e+00  -3.6599e-01   1.7524e+00
  -2.5056e-01   7.8240e-02  -3.7462e-01
   7.3978e-03  -2.3101e-03   1.1061e-02
   1.0865e+00  -3.3929e-01   1.6245e+00
   4.1398e-01  -1.2927e-01   6.1895e-01
   1.1712e+00  -3.6571e-01   1.7510e+00
   2.8669e+00  -8.9524e-01   4.2864e+00
   1.5250e+00  -4.7620e-01   2.2800e+00
   1.2819e+00  -4.0029e-01   1.9166e+00
  -3.3624e-02   1.0500e-02  -5.0273e-02
   1.6358e-01  -5.1082e-02   2.4458e-01
  -9.8131e-02   3.0643e-02  -1.4672e-01
   4.4873e+00  -1.4012e+00   6.7091e+00
   1.2636e+00  -3.9457e-01   1.8892e+00
   6.7016e-01  -2.0927e-01   1.0020e+00
   7.6891e-01  -2.4010e-01   1.1496e+00
   7.8989e-01  -2.4665e-01   1.1810e+00
   1.4511e-01  -4.5313e-02   2.1696e-01
   2.9699e-01  -9.2739e-02   4.4403e-01
   3.8346e+00  -1.1974e+00   5.7333e+00
   9.6862e-01  -3.0247e-01   1.4482e+00
   1.1229e+00  -3.5066e-01   1.6790e+00
   3.6988e-03  -1.1550e-03   5.5302e-03
   1.9299e+00  -6.0263e-01   2.8854e+00
   1.5144e-01  -4.7290e-02   2.2643e-01
   1.8725e-01  -5.8471e-02   2.7996e-01
   5.1090e-01  -1.5954e-01   7.6387e-01
  -7.6551e-04   2.3904e-04  -1.1445e-03
   4.0226e+00  -1.2561e+00   6.0144e+00
  -1.3430e-02   4.1937e-03  -2.0079e-02
   4.7570e-01  -1.4854e-01   7.1123e-01
   2.4613e+00  -7.6858e-01   3.6800e+00
  -1.0896e+00   3.4024e-01  -1.6291e+00
  -4.8855e-02   1.5256e-02  -7.3045e-02
   1.5035e+00  -4.6949e-01   2.2479e+00
   5.4156e-03  -1.6911e-03   8.0971e-03
   2.1333e+00  -6.6615e-01   3.1895e+00
   1.6666e+00  -5.2042e-01   2.4918e+00
   2.0495e+00  -6.4000e-01   3.0643e+00
   1.9101e+00  -5.9645e-01   2.8558e+00
   2.6534e-01  -8.2856e-02   3.9672e-01
   8.6841e-02  -2.7118e-02   1.2984e-01
   7.1724e-01  -2.2397e-01   1.0724e+00
   7.8081e-02  -2.4382e-02   1.1674e-01
   4.4776e-01  -1.3982e-01   6.6946e-01
   2.6917e+00  -8.4053e-01   4.0245e+00
  -1.0787e+00   3.3683e-01  -1.6128e+00
  -4.8688e-01   1.5204e-01  -7.2795e-01
   1.5385e+00  -4.8041e-01   2.3002e+00
   1.5235e-01  -4.7574e-02   2.2779e-01
   8.7435e-01  -2.7303e-01   1.3073e+00
   4.6453e-01  -1.4506e-01   6.9454e-01
   2.0688e+00  -6.4602e-01   3.0931e+00
   3.8970e-01  -1.2169e-01   5.8266e-01
   2.5949e-02  -8.1031e-03   3.8798e-02
  -7.9337e-01   2.4774e-01  -1.1862e+00
   7.4084e-03  -2.3134e-03   1.1077e-02
   1.7386e+00  -5.4291e-01   2.5995e+00
   1.5404e-04  -4.8102e-05   2.3031e-04
   1.8220e+00  -5.6894e-01   2.7241e+00
  -5.1125e-01   1.5964e-01  -7.6438e-01
   2.8938e-02  -9.0363e-03   4.3266e-02
   5.3841e-01  -1.6813e-01   8.0500e-01
  -2.4490e-01   7.6475e-02  -3.6616e-01
   7.5000e-01  -2.3420e-01   1.1213e+00
   9.1801e-01  -2.8666e-01   1.3725e+00
   7.4595e-01  -2.3294e-01   1.1153e+00
   6.3497e-01  -1.9828e-01   9.4936e-01
   1.5574e+00  -4.8633e-01   2.3286e+00
  -1.0164e+00   3.1740e-01  -1.5197e+00
   1.2013e+00  -3.7514e-01   1.7962e+00
   5.5881e-01  -1.7450e-01   8.3549e-01
  -4.6548e-02   1.4535e-02  -6.9596e-02
  -1.7781e+00   5.5524e-01  -2.6585e+00
  -2.0542e-01   6.4147e-02  -3.0714e-01
  -1.9142e+00   5.9775e-01  -2.8620e+00
  -1.0319e+00   3.2223e-01  -1.5428e+00
   2.9873e-01  -9.3284e-02   4.4665e-01
   1.9922e+00  -6.2208e-01   2.9785e+00
   2.9248e+00  -9.1332e-01   4.3730e+00
   2.6351e+00  -8.2286e-01   3.9399e+00
   5.4287e-01  -1.6952e-01   8.1167e-01
   1.6921e+00  -5.2840e-01   2.5300e+00
   3.0168e+00  -9.4204e-01   4.5105e+00
   3.2422e+00  -1.0124e+00   4.8475e+00
  -7.2834e-01   2.2744e-01  -1.0890e+00
  -1.8574e+00   5.7999e-01  -2.7770e+00
   1.9092e+00  -5.9616e-01   2.8545e+00
  -1.3116e+00   4.0956e-01  -1.9610e+00
   2.3518e+00  -7.3438e-01   3.5162e+00
  -8.0629e-01   2.5178e-01  -1.2055e+00
   2.2446e+00  -7.0092e-01   3.3560e+00
   1.2177e+00  -3.8025e-01   1.8206e+00
   6.0413e-01  -1.8865e-01   9.0326e-01
  -8.1489e-01   2.5446e-01  -1.2184e+00
   1.9816e+00  -6.1880e-01   2.9628e+00
   2.7985e-01  -8.7389e-02   4.1842e-01
   1.6431e+00  -5.1309e-01   2.4567e+00
   1.1898e+00  -3.7154e-01   1.7789e+00
  -6.1141e-01   1.9092e-01  -9.1414e-01
   7.9024e-01  -2.4676e-01   1.1815e+00
   6.8038e-01  -2.1246e-01   1.0173e+00
   2.1531e-03  -6.7235e-04   3.2192e-03
   9.1398e-01  -2.8540e-01   1.3665e+00
   1.1695e-01  -3.6519e-02   1.7485e-01
   4.8790e-01  -1.5236e-01   7.2948e-01
   6.5426e-01  -2.0430e-01   9.7821e-01
  -2.0748e-01   6.4790e-02  -3.1021e-01
   1.1832e-01  -3.6947e-02   1.7690e-01
   1.9130e-01  -5.9738e-02   2.8603e-01
   3.6361e-02  -1.1354e-02   5.4364e-02
   1.9131e+00  -5.9738e-01   2.8603e+00
   1.7484e-02  -5.4597e-03   2.6141e-02
  -9.0550e-01   2.8276e-01  -1.3538e+00
   4.6034e-02  -1.4375e-02   6.8828e-02
   1.5235e+00  -4.7573e-01   2.2778e+00
   8.1175e-01  -2.5348e-01   1.2137e+00
   3.7773e-01  -1.1795e-01   5.6476e-01
   1.0721e+00  -3.3478e-01   1.6029e+00
   1.4651e+00  -4.5750e-01   2.1905e+00
   3.4420e-01  -1.0748e-01   5.1463e-01
   1.0438e+00  -3.2595e-01   1.5607e+00
   1.4560e-01  -4.5466e-02   2.1769e-01
   9.6492e-01  -3.0131e-01   1.4427e+00
   4.2200e-01  -1.3178e-01   6.3095e-01
   1.5245e+00  -4.7605e-01   2.2793e+00
  -5.8215e-01   1.8179e-01  -8.7039e-01
   1.7671e+00  -5.5180e-01   2.6420e+00
  -6.3814e-02   1.9927e-02  -9.5411e-02
   6.3400e-01  -1.9798e-01   9.4792e-01
   1.8247e+00  -5.6978e-01   2.7281e+00
   1.5317e+00  -4.7831e-01   2.2901e+00
   6.0159e-01  -1.8786e-01   8.9945e-01
  -4.9955e-03   1.5599e-03  -7.4689e-03
  -3.9272e-01   1.2263e-01  -5.8717e-01
   3.0710e+00  -9.5896e-01   4.5915e+00
   1.7962e-01  -5.6090e-02   2.6856e-01
  -2.6432e-01   8.2537e-02  -3.9519e-01
  -7.1949e-01   2.2467e-01  -1.0757e+00
   1.1726e+00  -3.6616e-01   1.7532e+00
   6.6972e-01  -2.0913e-01   1.0013e+00
   6.5034e-01  -2.0308e-01   9.7234e-01
   1.2150e+00  -3.7939e-01   1.8165e+00
  -1.6654e-01   5.2005e-02  -2.4900e-01
   4.0792e-01  -1.2738e-01   6.0990e-01
   1.2346e+00  -3.8551e-01   1.8458e+00
   3.7129e-01  -1.1594e-01   5.5512e-01
  -7.9927e-01   2.4958e-01  -1.1950e+00
   9.2515e-01  -2.8889e-01   1.3832e+00
   1.0788e+00  -3.3688e-01   1.6130e+00
   4.7823e-02  -1.4933e-02   7.1501e-02
   9.5165e-01  -2.9717e-01   1.4229e+00
  -6.0806e-02   1.8988e-02  -9.0913e-02
  -1.1012e+00   3.4386e-01  -1.6464e+00
   1.2494e+00  -3.9015e-01   1.8681e+00
   1.2599e+00  -3.9341e-01   1.8837e+00
  -4.0769e-03   1.2731e-03  -6.0955e-03
   2.7421e-01  -8.5627e-02   4.0999e-01
  -2.9996e-02   9.3667e-03  -4.4848e-02
  -4.4731e-01   1.3968e-01  -6.6879e-01
   2.3801e+00  -7.4324e-01   3.5586e+00
   2.6058e+00  -8.1371e-01   3.8961e+00
   7.8508e-01  -2.4515e-01   1.1738e+00
   1.0277e+00  -3.2091e-01   1.5365e+00
   4.4543e-01  -1.3909e-01   6.6597e-01
  -3.6554e-03   1.1415e-03  -5.4653e-03
   1.4342e-03  -4.4786e-04   2.1444e-03
  -8.8108e-02   2.7513e-02  -1.3173e-01
  -5.0232e-03   1.5686e-03  -7.5104e-03
  -1.9022e-02   5.9399e-03  -2.8440e-02
  -1.6644e-01   5.1973e-02  -2.4885e-01
  -3.0318e-02   9.4674e-03  -4.5330e-02
  -1.0990e-02   3.4320e-03  -1.6432e-02
  -1.7792e-03   5.5559e-04  -2.6602e-03
   4.8918e-03  -1.5275e-03   7.3139e-03
   4.1802e-01  -1.3053e-01   6.2500e-01
  -2.2787e-02   7.1156e-03  -3.4070e-02
   1.5614e-01  -4.8757e-02   2.3345e-01
   8.8251e-01  -2.7558e-01   1.3195e+00
  -7.2592e-01   2.2668e-01  -1.0854e+00
   1.0585e-01  -3.3052e-02   1.5825e-01
   1.4960e-01  -4.6716e-02   2.2368e-01
   9.9570e-01  -3.1092e-01   1.4887e+00
   1.4778e+00  -4.6145e-01   2.2094e+00
   7.9134e-01  -2.4711e-01   1.1832e+00
  -1.1594e-03   3.6204e-04  -1.7334e-03
   1.1667e+00  -3.6433e-01   1.7444e+00
   1.6616e+00  -5.1886e-01   2.4843e+00
  -1.3220e-01   4.1281e-02  -1.9765e-01
   1.9450e+00  -6.0736e-01   2.9080e+00
  -6.4724e-03   2.0211e-03  -9.6771e-03
  -1.2070e-02   3.7690e-03  -1.8046e-02
   1.0150e-01  -3.1694e-02   1.5175e-01
   3.1183e-04  -9.7373e-05   4.6622e-04
  -2.3700e-01   7.4008e-02  -3.5435e-01
   3.3449e-01  -1.0445e-01   5.0012e-01
  -1.0108e-02   3.1563e-03  -1.5113e-02
   7.6460e-04  -2.3876e-04   1.1432e-03
  -1.2451e-01   3.8880e-02  -1.8616e-01
  -4.0221e-01   1.2560e-01  -6.0136e-01
   1.4213e+00  -4.4382e-01   2.1250e+00
   5.6986e-01  -1.7795e-01   8.5201e-01
   5.5123e-01  -1.7213e-01   8.2416e-01
   7.4313e-01  -2.3205e-01   1.1111e+00
  -1.4479e-02   4.5213e-03  -2.1648e-02
   1.7505e+00  -5.4661e-01   2.6172e+00
   2.5668e+00  -8.0151e-01   3.8376e+00
   2.3639e-01  -7.3816e-02   3.5343e-01
   4.9772e-01  -1.5542e-01   7.4415e-01
   1.1657e+00  -3.6402e-01   1.7429e+00
  -8.0079e-03   2.5006e-03  -1.1973e-02
   3.7000e-01  -1.1554e-01   5.5321e-01
   1.1399e+00  -3.5595e-01   1.7043e+00
   6.2068e-01  -1.9382e-01   9.2800e-01
  -1.6899e-02   5.2770e-03  -2.5266e-02
   2.4045e-01  -7.5084e-02   3.5951e-01
   5.8165e-03  -1.8163e-03   8.6964e-03
   6.7388e-01  -2.1043e-01   1.0075e+00
  -6.5826e-01   2.0555e-01  -9.8419e-01
  -1.0456e-02   3.2650e-03  -1.5633e-02
  -9.9331e-02   3.1018e-02  -1.4851e-01
   7.8504e-01  -2.4514e-01   1.1737e+00
  -8.1006e-03   2.5296e-03  -1.2112e-02
   5.8475e-01  -1.8260e-01   8.7428e-01
  -8.4888e-03   2.6508e-03  -1.2692e-02
   1.3121e+00  -4.0972e-01   1.9617e+00
   4.1939e-01  -1.3096e-01   6.2704e-01
  -9.1768e-03   2.8656e-03  -1.3721e-02
  -2.9821e-01   9.3122e-02  -4.4587e-01
  -1.4668e-03   4.5802e-04  -2.1930e-03
   5.7330e-02  -1.7902e-02   8.5716e-02
  -1.4592e-01   4.5566e-02  -2.1817e-01
   1.8900e-01  -5.9019e-02   2.8258e-01
   3.3273e-02  -1.0390e-02   4.9747e-02
   3.9424e-01  -1.2311e-01   5.8945e-01
   5.1225e-01  -1.5996e-01   7.6589e-01
   6.3265e-01  -1.9756e-01   9.4590e-01
  -2.7630e-02   8.6280e-03  -4.1311e-02
  -1.1788e-01   3.6810e-02  -1.7625e-01
   3.6387e-02  -1.1362e-02   5.4403e-02
   1.1842e-02  -3.6977e-03   1.7705e-02
   3.0467e-03  -9.5138e-04   4.5552e-03
   6.9598e-01  -2.1733e-01   1.0406e+00
  -5.9844e-02   1.8687e-02  -8.9475e-02
  -2.6450e-03   8.2594e-04  -3.9546e-03
   6.0351e-01  -1.8845e-01   9.0232e-01
  -3.5331e-02   1.1033e-02  -5.2825e-02
   1.2189e-02  -3.8061e-03   1.8224e-02
   8.8932e-01  -2.7771e-01   1.3297e+00
  -9.7475e-02   3.0438e-02  -1.4574e-01
   1.7430e+00  -5.4428e-01   2.6060e+00
  -2.8349e-01   8.8525e-02  -4.2386e-01
   5.2766e-01  -1.6477e-01   7.8893e-01
  -2.6486e-02   8.2706e-03  -3.9600e-02
   8.4096e-01  -2.6260e-01   1.2574e+00
   2.0241e+00  -6.3205e-01   3.0263e+00
   7.2140e-03  -2.2527e-03   1.0786e-02
   4.8681e-03  -1.5201e-03   7.2784e-03
   1.6771e-02  -5.2369e-03   2.5074e-02
   2.9125e-02  -9.0946e-03   4.3545e-02
   1.8139e-01  -5.6642e-02   2.7120e-01
   8.1458e-01  -2.5437e-01   1.2179e+00
  -1.1803e-01   3.6857e-02  -1.7647e-01
   8.1193e-01  -2.5354e-01   1.2139e+00
   1.1982e+00  -3.7414e-01   1.7914e+00
   1.8244e-01  -5.6969e-02   2.7277e-01
   3.2041e-03  -1.0005e-03   4.7905e-03
   6.3443e-01  -1.9811e-01   9.4856e-01
   1.2071e+00  -3.7694e-01   1.8048e+00
   2.5545e-01  -7.9767e-02   3.8193e-01
   1.1555e+00  -3.6082e-01   1.7276e+00
   4.2233e-01  -1.3188e-01   6.3144e-01
   1.4188e+00  -4.4304e-01   2.1213e+00
   4.2224e-02  -1.3185e-02   6.3131e-02
   1.7605e+00  -5.4974e-01   2.6322e+00
   5.6282e-01  -1.7575e-01   8.4149e-01
   1.5628e+00  -4.8802e-01   2.3367e+00
   1.5092e+00  -4.7126e-01   2.2564e+00
   1.0984e+00  -3.4299e-01   1.6423e+00
   2.5028e-01  -7.8154e-02   3.7420e-01
   1.0262e-02  -3.2044e-03   1.5343e-02
   2.1027e+00  -6.5661e-01   3.1439e+00
  -2.0901e-03   6.5267e-04  -3.1250e-03
  -5.6123e-01   1.7525e-01  -8.3911e-01
   1.9575e-02  -6.1126e-03   2.9267e-02
   1.1003e+00  -3.4358e-01   1.6451e+00
   9.3175e-01  -2.9095e-01   1.3931e+00
   1.3821e+00  -4.3159e-01   2.0665e+00
   6.4356e-01  -2.0096e-01   9.6221e-01
   1.0201e+00  -3.1854e-01   1.5252e+00
   9.2424e-01  -2.8861e-01   1.3819e+00
   1.0815e-01  -3.3771e-02   1.6170e-01
  -3.0150e-01   9.4148e-02  -4.5078e-01
   2.4977e+00  -7.7996e-01   3.7345e+00
   1.5041e+00  -4.6967e-01   2.2488e+00
   1.7516e-02  -5.4696e-03   2.6189e-02
   1.9608e+00  -6.1228e-01   2.9316e+00
   1.2615e+00  -3.9392e-01   1.8861e+00
   1.4712e+00  -4.5941e-01   2.1997e+00
   1.3900e+00  -4.3404e-01   2.0782e+00
   1.6772e+00  -5.2372e-01   2.5076e+00
   6.5434e-01  -2.0433e-01   9.7833e-01
   1.6026e+00  -5.0045e-01   2.3962e+00
  -4.9904e-01   1.5583e-01  -7.4614e-01
   8.6631e-01  -2.7052e-01   1.2953e+00
   9.9893e-01  -3.1193e-01   1.4935e+00
   1.3334e+00  -4.1638e-01   1.9937e+00
  -1.5754e-02   4.9194e-03  -2.3554e-02
   1.8054e+00  -5.6375e-01   2.6993e+00
   7.3531e-02  -2.2961e-02   1.0994e-01
   1.2586e+00  -3.9302e-01   1.8818e+00
  -3.5614e-01   1.1121e-01  -5.3248e-01
   1.1407e-02  -3.5621e-03   1.7055e-02
   1.4640e-01  -4.5716e-02   2.1889e-01
   7.2835e-01  -2.2744e-01   1.0890e+00
   2.3973e+00  -7.4860e-01   3.5843e+00
   4.0966e-01  -1.2792e-01   6.1250e-01
   2.1745e-01  -6.7901e-02   3.2511e-01
   2.0773e-01  -6.4868e-02   3.1059e-01
   8.7732e-01  -2.7396e-01   1.3117e+00
   8.1547e-01  -2.5464e-01   1.2192e+00
   1.5279e+00  -4.7710e-01   2.2844e+00
   1.2985e+00  -4.0547e-01   1.9414e+00
  -9.0006e-01   2.8106e-01  -1.3457e+00
   1.7949e-01  -5.6047e-02   2.6836e-01
   1.5899e-01  -4.9648e-02   2.3772e-01
   1.0575e+00  -3.3023e-01   1.5812e+00
  -1.3727e+00   4.2864e-01  -2.0523e+00
   1.2317e+00  -3.8460e-01   1.8415e+00
   6.9522e-01  -2.1709e-01   1.0395e+00
   6.8512e-01  -2.1394e-01   1.0244e+00
   1.6390e+00  -5.1182e-01   2.4506e+00
   6.9830e-01  -2.1805e-01   1.0440e+00
   1.9383e+00  -6.0528e-01   2.8981e+00
   1.2522e+00  -3.9101e-01   1.8722e+00
   1.9185e+00  -5.9909e-01   2.8684e+00
   1.2159e+00  -3.7968e-01   1.8179e+00
   1.4559e+00  -4.5463e-01   2.1768e+00
   9.5538e-01  -2.9833e-01   1.4284e+00
   3.3011e-01  -1.0308e-01   4.9355e-01
   3.0637e-01  -9.5669e-02   4.5806e-01
   1.2099e+00  -3.7780e-01   1.8089e+00
  -4.0511e-01   1.2650e-01  -6.0570e-01
   1.7566e+00  -5.4853e-01   2.6264e+00
   1.4560e+00  -4.5465e-01   2.1769e+00
  -8.2803e-03   2.5857e-03  -1.2380e-02
  -1.3658e+00   4.2648e-01  -2.0420e+00
   1.8190e-01  -5.6800e-02   2.7196e-01
   8.9837e-01  -2.8053e-01   1.3432e+00
   2.7956e-01  -8.7299e-02   4.1799e-01
   1.7370e+00  -5.4240e-01   2.5970e+00
   1.1607e+00  -3.6244e-01   1.7354e+00
   1.9346e+00  -6.0412e-01   2.8926e+00
  -4.1327e-01   1.2905e-01  -6.1790e-01
   2.7970e-01  -8.7342e-02   4.1820e-01
  -3.8440e-01   1.2004e-01  -5.7474e-01
  -3.7768e-03   1.1794e-03  -5.6468e-03
   9.6737e-01  -3.0208e-01   1.4464e+00
   8.3684e-01  -2.6132e-01   1.2512e+00
   7.6028e-01  -2.3741e-01   1.1367e+00
   4.0408e-01  -1.2618e-01   6.0415e-01
   6.8537e-02  -2.1402e-02   1.0247e-01
   1.5631e+00  -4.8809e-01   2.3370e+00
   1.1489e-02  -3.5875e-03   1.7177e-02
   9.9147e-01  -3.0960e-01   1.4824e+00
   4.8778e-04  -1.5232e-04   7.2930e-04
   1.3204e+00  -4.1232e-01   1.9742e+00
   4.6703e-01  -1.4584e-01   6.9827e-01
   2.2647e+00  -7.0719e-01   3.3860e+00
   1.9110e+00  -5.9673e-01   2.8571e+00
  -7.5295e-02   2.3512e-02  -1.1258e-01
   7.5208e-01  -2.3485e-01   1.1245e+00
   1.2157e+00  -3.7962e-01   1.8176e+00
   2.1196e+00  -6.6188e-01   3.1691e+00
   9.1923e-01  -2.8704e-01   1.3744e+00
   2.1572e+00  -6.7361e-01   3.2253e+00
   1.4008e+00  -4.3742e-01   2.0944e+00
   1.3909e+00  -4.3434e-01   2.0796e+00
   8.1852e-01  -2.5560e-01   1.2238e+00
   2.1805e+00  -6.8090e-01   3.2602e+00
  -2.0843e-01   6.5085e-02  -3.1163e-01
   2.0519e+00  -6.4072e-01   3.0678e+00
   1.2390e+00  -3.8691e-01   1.8525e+00
   5.9597e-01  -1.8610e-01   8.9105e-01
   2.8459e+00  -8.8868e-01   4.2550e+00
   8.1100e-01  -2.5325e-01   1.2126e+00
   6.3258e-01  -1.9753e-01   9.4579e-01
   8.9374e-01  -2.7908e-01   1.3363e+00
   6.4963e-01  -2.0286e-01   9.7129e-01
  -4.3983e-01   1.3735e-01  -6.5761e-01
   5.0826e-01  -1.5871e-01   7.5992e-01
   2.4578e+00  -7.6750e-01   3.6748e+00
   1.3411e+00  -4.1878e-01   2.0051e+00
   1.3630e+00  -4.2563e-01   2.0379e+00
  -1.6107e+00   5.0297e-01  -2.4082e+00
   6.9127e-01  -2.1586e-01   1.0335e+00
   4.1285e-01  -1.2892e-01   6.1727e-01
   2.4847e-01  -7.7588e-02   3.7149e-01
   6.8588e-03  -2.1418e-03   1.0255e-02
   1.0160e+00  -3.1728e-01   1.5191e+00
  -9.5613e-01   2.9857e-01  -1.4295e+00
   7.8065e-03  -2.4377e-03   1.1672e-02
   1.5263e-01  -4.7660e-02   2.2820e-01
   8.2333e-01  -2.5710e-01   1.2310e+00
  -3.5931e-03   1.1220e-03  -5.3722e-03
  -8.7974e-01   2.7471e-01  -1.3153e+00
   1.3806e+00  -4.3110e-01   2.0641e+00
  -4.1670e-02   1.3012e-02  -6.2302e-02
   2.2462e-01  -7.0141e-02   3.3584e-01
  -2.2983e-02   7.1768e-03  -3.4363e-02
   2.1267e-02  -6.6409e-03   3.1797e-02
   8.6181e-02  -2.6911e-02   1.2885e-01
   3.4200e-01  -1.0680e-01   5.1134e-01
   5.1497e-01  -1.6081e-01   7.6996e-01
   7.2553e-03  -2.2656e-03   1.0848e-02
   9.2957e-01  -2.9027e-01   1.3898e+00
   3.0151e+00  -9.4150e-01   4.5079e+00
   4.5063e-01  -1.4072e-01   6.7375e-01
   1.4196e+00  -4.4330e-01   2.1225e+00
   1.1901e+00  -3.7164e-01   1.7794e+00
   1.3630e+00  -4.2561e-01   2.0378e+00
   1.5020e+00  -4.6902e-01   2.2457e+00
   1.0960e+00  -3.4225e-01   1.6387e+00
   1.7435e+00  -5.4442e-01   2.6067e+00
   1.6502e+00  -5.1531e-01   2.4673e+00
   8.9240e-01  -2.7867e-01   1.3343e+00
   1.5402e-02  -4.8097e-03   2.3029e-02
   1.2100e+00  -3.7784e-01   1.8091e+00
   7.0844e-03  -2.2122e-03   1.0592e-02
   1.0445e+00  -3.2616e-01   1.5617e+00
   1.4553e+00  -4.5444e-01   2.1758e+00
   2.8779e-03  -8.9866e-04   4.3028e-03
   3.8547e-01  -1.2037e-01   5.7633e-01
   7.1327e-01  -2.2273e-01   1.0664e+00
   5.5379e-03  -1.7293e-03   8.2800e-03
   1.6096e+00  -5.0263e-01   2.4066e+00
   2.4102e-01  -7.5264e-02   3.6036e-01
   2.9949e-03  -9.3521e-04   4.4778e-03
   1.0805e+00  -3.3740e-01   1.6155e+00
  -2.9120e-03   9.0933e-04  -4.3539e-03
  -5.3517e-03   1.6712e-03  -8.0016e-03
   6.2305e-01  -1.9456e-01   9.3155e-01
   1.0920e-01  -3.4101e-02   1.6328e-01
   1.6887e+00  -5.2733e-01   2.5249e+00
   5.5072e-02  -1.7197e-02   8.2340e-02
   1.7297e-01  -5.4013e-02   2.5862e-01
   1.1898e-01  -3.7152e-02   1.7789e-01
   9.0527e-02  -2.8268e-02   1.3535e-01
   2.6613e-01  -8.3104e-02   3.9790e-01
   7.0488e-01  -2.2011e-01   1.0539e+00
  -1.1048e+00   3.4500e-01  -1.6519e+00
   1.7612e+00  -5.4997e-01   2.6333e+00
  -7.9831e-01   2.4928e-01  -1.1936e+00
   1.7142e+00  -5.3528e-01   2.5629e+00
   1.8502e-01  -5.7775e-02   2.7663e-01
   3.4834e-01  -1.0878e-01   5.2082e-01
  -2.9328e-01   9.1582e-02  -4.3850e-01
   2.0899e+00  -6.5260e-01   3.1247e+00
   6.6554e-01  -2.0782e-01   9.9507e-01
   3.5666e-02  -1.1137e-02   5.3326e-02
  -1.5084e-01   4.7103e-02  -2.2553e-01
  -1.4707e-02   4.5926e-03  -2.1989e-02
  -4.2614e-01   1.3307e-01  -6.3713e-01
  -4.7861e-01   1.4945e-01  -7.1559e-01
  -1.6724e-01   5.2225e-02  -2.5005e-01
   2.4714e-01  -7.7173e-02   3.6950e-01
   1.5519e+00  -4.8461e-01   2.3203e+00
   2.2683e-01  -7.0830e-02   3.3913e-01
   3.5857e-02  -1.1197e-02   5.3611e-02
   7.8448e-01  -2.4497e-01   1.1729e+00
   9.2768e-01  -2.8968e-01   1.3870e+00
   1.2198e+00  -3.8090e-01   1.8237e+00
   1.5611e-01  -4.8747e-02   2.3340e-01
  -4.7365e-02   1.4791e-02  -7.0818e-02
   1.6147e-01  -5.0422e-02   2.4142e-01
   3.9277e-01  -1.2265e-01   5.8724e-01
   1.6908e+00  -5.2799e-01   2.5280e+00
   3.2432e-02  -1.0127e-02   4.8490e-02
   1.4921e-01  -4.6594e-02   2.2309e-01
   6.5112e-01  -2.0332e-01   9.7351e-01
  -3.5752e-02   1.1164e-02  -5.3454e-02
  -3.2508e-03   1.0151e-03  -4.8604e-03
   1.0367e+00  -3.2372e-01   1.5500e+00
   6.0225e-01  -1.8806e-01   9.0044e-01
   6.3697e-01  -1.9890e-01   9.5236e-01
  -1.6634e+00   5.1941e-01  -2.4870e+00
   1.1273e-02  -3.5201e-03   1.6854e-02
   2.3803e-01  -7.4330e-02   3.5589e-01
   4.4651e-01  -1.3943e-01   6.6760e-01
  -2.4027e-02   7.5028e-03  -3.5924e-02
   1.2950e+00  -4.0438e-01   1.9362e+00
   2.2389e-01  -6.9914e-02   3.3475e-01
   1.4553e+00  -4.5444e-01   2.1759e+00
  -1.3231e-01   4.1317e-02  -1.9783e-01
  -4.2378e-02   1.3233e-02  -6.3361e-02
   1.9323e-03  -6.0338e-04   2.8890e-03
   2.4945e-01  -7.7895e-02   3.7296e-01
  -1.7389e+00   5.4301e-01  -2.5999e+00
   4.8304e-01  -1.5084e-01   7.2221e-01
  -4.9238e-01   1.5375e-01  -7.3618e-01
  -7.0417e-03   2.1989e-03  -1.0528e-02
   3.0791e-01  -9.6151e-02   4.6037e-01
   1.5523e+00  -4.8473e-01   2.3209e+00
   5.0988e-02  -1.5922e-02   7.6234e-02
  -3.1270e-03   9.7646e-04  -4.6753e-03
  -1.1408e-01   3.5622e-02  -1.7056e-01
   1.8343e+00  -5.7279e-01   2.7425e+00
   5.2348e-01  -1.6346e-01   7.8267e-01
  -1.4425e-01   4.5046e-02  -2.1568e-01
   1.2331e+00  -3.8507e-01   1.8437e+00
   1.5841e+00  -4.9466e-01   2.3685e+00
  -6.2417e-02   1.9491e-02  -9.3322e-02
   6.7900e-01  -2.1203e-01   1.0152e+00
   5.8645e-02  -1.8313e-02   8.7683e-02
   3.4702e-01  -1.0836e-01   5.1884e-01
   1.3546e-01  -4.2299e-02   2.0253e-01
   3.8094e-01  -1.1895e-01   5.6955e-01
   2.6588e-02  -8.3024e-03   3.9752e-02
   1.2646e+00  -3.9488e-01   1.8907e+00
   1.0948e-01  -3.4186e-02   1.6368e-01
  -1.3444e-03   4.1982e-04  -2.0101e-03
  -2.4964e-03   7.7954e-04  -3.7325e-03
   1.5419e+00  -4.8148e-01   2.3054e+00
   5.3195e-02  -1.6611e-02   7.9534e-02
   9.5983e-01  -2.9972e-01   1.4351e+00
   1.8016e-01  -5.6258e-02   2.6936e-01
   3.9020e-01  -1.2184e-01   5.8340e-01
   3.2257e-01  -1.0073e-01   4.8229e-01
   1.9134e+00  -5.9748e-01   2.8608e+00
   1.8832e+00  -5.8805e-01   2.8156e+00
   4.2902e-02  -1.3397e-02   6.4145e-02
   7.8474e-01  -2.4505e-01   1.1733e+00
  -1.3987e+00   4.3677e-01  -2.0912e+00
   1.2237e-01  -3.8212e-02   1.8296e-01
   6.9261e-01  -2.1628e-01   1.0355e+00
   6.0212e-03  -1.8802e-03   9.0025e-03
  -1.4572e-02   4.5503e-03  -2.1787e-02
   7.1853e-01  -2.2437e-01   1.0743e+00
   8.8115e-01  -2.7515e-01   1.3174e+00
   1.4775e-01  -4.6138e-02   2.2091e-01
   7.2251e-01  -2.2561e-01   1.0802e+00
   1.0426e+00  -3.2557e-01   1.5588e+00
  -2.1442e-02   6.6955e-03  -3.2058e-02
  -1.7117e+00   5.3451e-01  -2.5592e+00
   8.5652e-02  -2.6746e-02   1.2806e-01
   8.8544e-01  -2.7649e-01   1.3239e+00
   1.2699e-01  -3.9654e-02   1.8986e-01
   1.5774e+00  -4.9255e-01   2.3584e+00
   8.0773e-02  -2.5223e-02   1.2077e-01
  -1.7602e-02   5.4964e-03  -2.6317e-02
   3.4628e-01  -1.0813e-01   5.1773e-01
  -1.3996e+00   4.3704e-01  -2.0926e+00
  -4.4707e-02   1.3961e-02  -6.6844e-02
   1.7278e+00  -5.3953e-01   2.5833e+00
   3.0807e-02  -9.6200e-03   4.6061e-02
   1.5794e-01  -4.9319e-02   2.3614e-01
   6.2570e-01  -1.9539e-01   9.3551e-01
  -5.7006e-01   1.7801e-01  -8.5231e-01
   4.8517e-01  -1.5150e-01   7.2539e-01
   8.9413e-01  -2.7921e-01   1.3368e+00
   2.0617e-02  -6.4381e-03   3.0826e-02
   1.4337e-01  -4.4771e-02   2.1436e-01
   3.4915e-01  -1.0903e-01   5.2202e-01
   8.5641e-01  -2.6743e-01   1.2804e+00
  -1.6507e-02   5.1547e-03  -2.4681e-02
   3.7182e-01  -1.1611e-01   5.5593e-01
   4.3659e-01  -1.3633e-01   6.5276e-01
   1.4403e+00  -4.4975e-01   2.1534e+00
  -7.6246e-02   2.3809e-02  -1.1400e-01
  -1.3662e+00   4.2663e-01  -2.0427e+00
   3.8390e-01  -1.1988e-01   5.7399e-01
   4.7952e-01  -1.4974e-01   7.1695e-01
   1.6961e+00  -5.2964e-01   2.5359e+00
   5.2118e-01  -1.6275e-01   7.7923e-01
   5.0441e-01  -1.5751e-01   7.5417e-01
   2.6074e-01  -8.1420e-02   3.8984e-01
  -8.7709e-01   2.7388e-01  -1.3114e+00
   4.7666e-01  -1.4885e-01   7.1268e-01
   1.0411e+00  -3.2509e-01   1.5565e+00
  -1.8185e+00   5.6785e-01  -2.7189e+00
  -8.2245e-03   2.5682e-03  -1.2297e-02
   9.5221e-01  -2.9734e-01   1.4237e+00
   4.0914e-01  -1.2776e-01   6.1173e-01
   2.4422e+00  -7.6262e-01   3.6514e+00
   3.0449e-01  -9.5081e-02   4.5525e-01
   1.2206e-01  -3.8115e-02   1.8250e-01
   1.3319e-01  -4.1590e-02   1.9913e-01
  -2.4842e-02   7.7572e-03  -3.7141e-02
   3.0437e-01  -9.5044e-02   4.5507e-01
   2.0329e-01  -6.3479e-02   3.0394e-01
   4.5677e-02  -1.4263e-02   6.8293e-02
   8.3122e-03  -2.5956e-03   1.2428e-02
   1.2056e-01  -3.7648e-02   1.8026e-01
   4.6336e-01  -1.4469e-01   6.9279e-01
   3.9073e-01  -1.2201e-01   5.8420e-01
  -1.5880e-02   4.9589e-03  -2.3744e-02
   1.0676e+00  -3.3337e-01   1.5962e+00
  -1.8515e-02   5.7816e-03  -2.7682e-02
   1.5915e+00  -4.9697e-01   2.3795e+00
   6.6443e-01  -2.0748e-01   9.9342e-01
   7.1266e-01  -2.2254e-01   1.0655e+00
   2.8996e-01  -9.0546e-02   4.3354e-01
   1.8798e+00  -5.8701e-01   2.8106e+00
   1.2054e-01  -3.7641e-02   1.8023e-01
  -2.7498e-02   8.5867e-03  -4.1113e-02
  -1.7125e-01   5.3477e-02  -2.5605e-01
   1.0384e+00  -3.2426e-01   1.5525e+00
   1.9713e-01  -6.1558e-02   2.9474e-01
   1.6644e+00  -5.1974e-01   2.4885e+00
   8.4823e-01  -2.6487e-01   1.2682e+00
   1.4567e+00  -4.5487e-01   2.1779e+00
  -9.9563e-02   3.1090e-02  -1.4886e-01
   1.9137e-03  -5.9760e-04   2.8613e-03
   1.8024e-01  -5.6283e-02   2.6948e-01
   8.8879e-03  -2.7754e-03   1.3289e-02
   4.9845e-01  -1.5565e-01   7.4525e-01
   7.6060e-01  -2.3751e-01   1.1372e+00
   6.8085e-01  -2.1261e-01   1.0180e+00
   1.5605e+00  -4.8730e-01   2.3332e+00
   5.5914e-02  -1.7460e-02   8.3599e-02
   1.0093e+00  -3.1517e-01   1.5091e+00
  -2.5494e-04   7.9611e-05  -3.8118e-04
   1.8123e+00  -5.6591e-01   2.7096e+00
   7.1693e-02  -2.2387e-02   1.0719e-01
   1.5349e+00  -4.7931e-01   2.2950e+00
   9.5590e-03  -2.9850e-03   1.4292e-02
   9.2141e-01  -2.8772e-01   1.3776e+00
   2.6552e+00  -8.2913e-01   3.9699e+00
   1.6691e-01  -5.2120e-02   2.4955e-01
   6.9806e-03  -2.1798e-03   1.0437e-02
   1.9959e+00  -6.2326e-01   2.9842e+00
  -8.4204e-01   2.6294e-01  -1.2590e+00
  -9.3529e-02   2.9206e-02  -1.3984e-01
   7.8800e-01  -2.4607e-01   1.1782e+00
   8.8416e-03  -2.7609e-03   1.3219e-02
   4.2695e-03  -1.3332e-03   6.3834e-03
   1.9882e+00  -6.2085e-01   2.9726e+00
   2.7602e+00  -8.6191e-01   4.1268e+00
   1.3298e+00  -4.1525e-01   1.9882e+00
   1.1086e+00  -3.4617e-01   1.6575e+00
   1.5576e+00  -4.8638e-01   2.3288e+00
   1.8224e+00  -5.6908e-01   2.7248e+00
   1.8816e-02  -5.8756e-03   2.8133e-02
  -4.6775e-02   1.4606e-02  -6.9935e-02
   3.9732e-01  -1.2407e-01   5.9405e-01
  -1.2789e+00   3.9936e-01  -1.9122e+00
   2.2637e-02  -7.0689e-03   3.3846e-02
  -9.3687e-01   2.9255e-01  -1.4008e+00
   6.7257e-02  -2.1002e-02   1.0056e-01
   1.2853e+00  -4.0134e-01   1.9216e+00
   3.3190e-01  -1.0364e-01   4.9623e-01
   2.3083e-01  -7.2080e-02   3.4512e-01
   5.7371e-01  -1.7915e-01   8.5777e-01
  -9.0202e-01   2.8167e-01  -1.3486e+00
  -2.7597e+00   8.6177e-01  -4.1262e+00
   1.0639e+00  -3.3222e-01   1.5907e+00
   1.6241e+00  -5.0716e-01   2.4283e+00
   3.3788e-01  -1.0551e-01   5.0518e-01
   4.4791e-01  -1.3987e-01   6.6969e-01
  -1.7349e-02   5.4176e-03  -2.5940e-02
   5.5535e-01  -1.7342e-01   8.3032e-01
   5.7299e-01  -1.7892e-01   8.5669e-01
   2.1791e-05  -6.8047e-06   3.2581e-05
   4.6610e-01  -1.4555e-01   6.9689e-01
   6.5356e-01  -2.0408e-01   9.7716e-01
   2.9645e-01  -9.2571e-02   4.4323e-01
  -1.1672e-02   3.6447e-03  -1.7451e-02
  -1.2564e-02   3.9232e-03  -1.8784e-02
   1.9412e-01  -6.0616e-02   2.9023e-01
   2.4837e-03  -7.7557e-04   3.7135e-03
  -4.5078e-01   1.4076e-01  -6.7398e-01
   9.8727e-01  -3.0829e-01   1.4761e+00
   1.6356e-01  -5.1074e-02   2.4454e-01
   1.8987e-02  -5.9291e-03   2.8389e-02
   1.7537e+00  -5.4763e-01   2.6221e+00
   1.8375e+00  -5.7379e-01   2.7473e+00
   1.5489e+00  -4.8366e-01   2.3158e+00
   2.1416e+00  -6.6875e-01   3.2020e+00
   1.1148e+00  -3.4813e-01   1.6668e+00
   5.5012e-01  -1.7179e-01   8.2251e-01
   1.8880e+00  -5.8956e-01   2.8228e+00
   1.0490e+00  -3.2758e-01   1.5685e+00
   3.2621e-01  -1.0186e-01   4.8773e-01
  -1.1497e-02   3.5902e-03  -1.7190e-02
   2.3991e-01  -7.4917e-02   3.5870e-01
   3.0315e-02  -9.4663e-03   4.5325e-02
   2.1672e-01  -6.7674e-02   3.2403e-01
   1.2197e+00  -3.8088e-01   1.8237e+00
   1.7156e+00  -5.3572e-01   2.5650e+00
   1.4171e+00  -4.4252e-01   2.1188e+00
   1.2642e-01  -3.9478e-02   1.8902e-01
   3.9044e-02  -1.2192e-02   5.8376e-02
   2.0736e+00  -6.4752e-01   3.1004e+00
   1.0405e-03  -3.2491e-04   1.5557e-03
   3.0934e-02  -9.6597e-03   4.6251e-02
   3.8152e-03  -1.1914e-03   5.7043e-03
   6.0954e-01  -1.9034e-01   9.1135e-01
  -9.5073e-03   2.9688e-03  -1.4215e-02
  -1.1261e-01   3.5165e-02  -1.6837e-01
  -1.3879e-02   4.3338e-03  -2.0750e-02
  -9.3458e-03   2.9184e-03  -1.3973e-02
   1.7249e+00  -5.3863e-01   2.5790e+00
   1.9742e-02  -6.1647e-03   2.9517e-02
   2.0183e-01  -6.3023e-02   3.0176e-01
   6.2862e-01  -1.9630e-01   9.3988e-01
   2.6850e-01  -8.3844e-02   4.0145e-01
   1.3068e+00  -4.0808e-01   1.9539e+00
   4.5539e-02  -1.4220e-02   6.8087e-02
   1.1030e+00  -3.4443e-01   1.6492e+00
   1.1044e-01  -3.4488e-02   1.6513e-01
   8.6905e-01  -2.7137e-01   1.2993e+00
   1.7609e+00  -5.4986e-01   2.6327e+00
   7.6968e-03  -2.4034e-03   1.1508e-02
  -1.1070e+00   3.4567e-01  -1.6551e+00
   2.1516e+00  -6.7186e-01   3.2169e+00
   6.2400e-01  -1.9485e-01   9.3297e-01
  -2.8169e-02   8.7963e-03  -4.2117e-02
   1.5888e-02  -4.9613e-03   2.3755e-02
  -6.6029e-02   2.0619e-02  -9.8722e-02
   5.0384e-01  -1.5733e-01   7.5331e-01
  -8.0937e-02   2.5274e-02  -1.2101e-01
   2.8836e-01  -9.0045e-02   4.3114e-01
  -7.9415e-02   2.4799e-02  -1.1874e-01
   1.4961e-01  -4.6717e-02   2.2368e-01
  -6.3786e-02   1.9918e-02  -9.5369e-02
  -1.0701e-02   3.3415e-03  -1.5999e-02
   5.0232e-01  -1.5686e-01   7.5103e-01
   5.3448e-03  -1.6690e-03   7.9912e-03
   1.1737e-02  -3.6650e-03   1.7548e-02
   1.0967e-01  -3.4245e-02   1.6397e-01
   4.5275e-02  -1.4138e-02   6.7692e-02
   4.3755e-03  -1.3663e-03   6.5419e-03
   9.0139e-01  -2.8147e-01   1.3477e+00
  -5.5836e-03   1.7436e-03  -8.3483e-03
   1.9672e+00  -6.1430e-01   2.9413e+00
   4.2581e-03  -1.3297e-03   6.3664e-03
   4.6222e-03  -1.4434e-03   6.9108e-03
   4.2425e-01  -1.3248e-01   6.3431e-01
   8.4283e-02  -2.6319e-02   1.2601e-01
   1.4638e+00  -4.5711e-01   2.1886e+00
   1.0279e+00  -3.2097e-01   1.5368e+00
   6.2501e-01  -1.9517e-01   9.3447e-01
   7.5757e-03  -2.3656e-03   1.1327e-02
  -4.9666e-01   1.5509e-01  -7.4258e-01
   6.9958e-01  -2.1845e-01   1.0460e+00
   2.8505e-01  -8.9013e-02   4.2619e-01
   4.4280e-03  -1.3827e-03   6.6205e-03
  -6.3995e-02   1.9984e-02  -9.5682e-02
   2.3148e+00  -7.2285e-01   3.4610e+00
   8.6206e-02  -2.6919e-02   1.2889e-01
   5.6399e-01  -1.7611e-01   8.4324e-01
  -4.2403e-02   1.3241e-02  -6.3399e-02
   1.3118e-01  -4.0964e-02   1.9614e-01
   5.1131e-03  -1.5966e-03   7.6448e-03
  -9.3797e-03   2.9290e-03  -1.4024e-02
   9.1476e-01  -2.8565e-01   1.3677e+00
  -3.8606e-02   1.2055e-02  -5.7721e-02
   1.4726e+00  -4.5983e-01   2.2017e+00
   1.2955e+00  -4.0455e-01   1.9370e+00
   8.1622e-03  -2.5488e-03   1.2204e-02
   5.0406e-01  -1.5740e-01   7.5364e-01
   4.3031e-02  -1.3437e-02   6.4338e-02
  -3.2958e-02   1.0292e-02  -4.9276e-02
   1.7856e-01  -5.5757e-02   2.6697e-01
  -4.0836e-01   1.2752e-01  -6.1055e-01
  -1.2307e+00   3.8429e-01  -1.8400e+00
   2.6580e-03  -8.3000e-04   3.9740e-03
  -3.2246e-02   1.0069e-02  -4.8213e-02
   1.0191e+00  -3.1823e-01   1.5237e+00
  -4.6987e-02   1.4673e-02  -7.0253e-02
   8.5605e-03  -2.6731e-03   1.2799e-02
   1.2078e-02  -3.7715e-03   1.8058e-02
   2.1414e-01  -6.6867e-02   3.2016e-01
   1.1560e-01  -3.6098e-02   1.7284e-01
  -4.4197e-03   1.3801e-03  -6.6081e-03
   6.9168e-01  -2.1599e-01   1.0341e+00
   1.3674e-02  -4.2699e-03   2.0444e-02
   2.8663e-03  -8.9504e-04   4.2855e-03
   8.9611e-03  -2.7983e-03   1.3398e-02
  -3.8729e-02   1.2094e-02  -5.7906e-02
   4.8113e-01  -1.5024e-01   7.1936e-01
  -5.7954e-02   1.8097e-02  -8.6649e-02
  -1.9718e-02   6.1572e-03  -2.9481e-02
   6.9710e-02  -2.1768e-02   1.0423e-01
   1.9702e-02  -6.1522e-03   2.9457e-02
   9.8861e-01  -3.0871e-01   1.4781e+00
   9.5764e-01  -2.9904e-01   1.4318e+00
  -1.1634e-02   3.6329e-03  -1.7394e-02
   5.0587e-01  -1.5797e-01   7.5634e-01
   2.5718e-03  -8.0310e-04   3.8453e-03
   2.8187e-01  -8.8018e-02   4.2143e-01
   2.0679e-02  -6.4574e-03   3.0918e-02
   6.2560e-02  -1.9535e-02   9.3535e-02
  -6.0068e-02   1.8757e-02  -8.9810e-02
   4.3942e-01  -1.3722e-01   6.5699e-01
  -2.3515e-03   7.3428e-04  -3.5157e-03
   1.1350e-02  -3.5442e-03   1.6970e-02
  -4.4320e-02   1.3840e-02  -6.6265e-02
   7.2066e-02  -2.2504e-02   1.0775e-01
  -2.4952e-01   7.7918e-02  -3.7307e-01
   1.3853e-01  -4.3258e-02   2.0712e-01
   2.7735e-01  -8.6605e-02   4.1467e-01
   9.1553e-01  -2.8589e-01   1.3688e+00
   8.1367e-02  -2.5408e-02   1.2165e-01
   1.0182e-02  -3.1794e-03   1.5223e-02
   5.8284e-01  -1.8200e-01   8.7142e-01
  -3.0722e-01   9.5935e-02  -4.5934e-01
   2.1212e-02  -6.6238e-03   3.1715e-02
   3.3821e-02  -1.0561e-02   5.0567e-02
   8.7620e-03  -2.7361e-03   1.3100e-02
   7.9862e-01  -2.4938e-01   1.1940e+00
   5.0474e-01  -1.5761e-01   7.5466e-01
   1.3519e+00  -4.2215e-01   2.0213e+00
   5.5027e-01  -1.7183e-01   8.2273e-01
  -1.0731e+00   3.3508e-01  -1.6044e+00
   5.9896e-04  -1.8704e-04   8.9553e-04
   3.8765e+00  -1.2105e+00   5.7958e+00
  -3.8499e-01   1.2022e-01  -5.7561e-01
   1.6007e+00  -4.9984e-01   2.3932e+00
  -2.3380e+00   7.3009e-01  -3.4957e+00
  -3.0997e-01   9.6792e-02  -4.6344e-01
  -5.3385e-02   1.6670e-02  -7.9818e-02
   1.6814e+00  -5.2505e-01   2.5139e+00
   3.3207e-01  -1.0369e-01   4.9649e-01
   3.1678e+00  -9.8919e-01   4.7363e+00
  -2.8463e-01   8.8880e-02  -4.2556e-01
   9.6115e-01  -3.0013e-01   1.4370e+00
   6.5274e-01  -2.0383e-01   9.7594e-01
   1.4461e-01  -4.5157e-02   2.1621e-01
   5.9970e-01  -1.8727e-01   8.9663e-01
  -6.3171e-01   1.9726e-01  -9.4449e-01
   1.1969e-01  -3.7375e-02   1.7895e-01
  -1.2343e+00   3.8542e-01  -1.8454e+00
  -1.0815e-02   3.3772e-03  -1.6170e-02
   7.7519e-01  -2.4206e-01   1.1590e+00
   1.1453e+00  -3.5763e-01   1.7123e+00
   3.5624e-01  -1.1124e-01   5.3263e-01
   3.5314e-01  -1.1027e-01   5.2799e-01
  -1.9487e+00   6.0851e-01  -2.9136e+00
   4.8072e-01  -1.5011e-01   7.1873e-01
   9.9979e-01  -3.1220e-01   1.4948e+00
   2.3336e+00  -7.2871e-01   3.4891e+00
   8.0431e-01  -2.5116e-01   1.2025e+00
   2.2255e+00  -6.9494e-01   3.3274e+00
   1.1361e+00  -3.5476e-01   1.6986e+00
   1.2166e+00  -3.7989e-01   1.8189e+00
   2.6682e+00  -8.3318e-01   3.9893e+00
   9.5609e-01  -2.9856e-01   1.4295e+00
   5.1602e-01  -1.6114e-01   7.7152e-01
   2.3717e+00  -7.4060e-01   3.5460e+00
   1.0929e-01  -3.4128e-02   1.6341e-01
  -2.3901e+00   7.4635e-01  -3.5735e+00
   2.5801e-02  -8.0566e-03   3.8575e-02
  -4.2250e-01   1.3193e-01  -6.3169e-01
   2.5383e+00  -7.9264e-01   3.7952e+00
  -4.4703e-01   1.3959e-01  -6.6837e-01
   5.0401e-01  -1.5738e-01   7.5356e-01
   1.3671e+00  -4.2689e-01   2.0440e+00
   2.3128e+00  -7.2220e-01   3.4579e+00
   1.3068e+00  -4.0806e-01   1.9538e+00
   6.8841e-01  -2.1497e-01   1.0293e+00
   1.1811e-01  -3.6881e-02   1.7659e-01
   2.0826e-02  -6.5031e-03   3.1137e-02
   1.4755e+00  -4.6075e-01   2.2061e+00
   3.3012e-01  -1.0308e-01   4.9357e-01
   6.4172e-01  -2.0039e-01   9.5946e-01
   7.8945e-01  -2.4652e-01   1.1803e+00
   1.9714e+00  -6.1561e-01   2.9476e+00
   5.9752e-01  -1.8659e-01   8.9338e-01
  -4.0160e-01   1.2541e-01  -6.0045e-01
   3.5154e-01  -1.0977e-01   5.2560e-01
   8.3265e-01  -2.6001e-01   1.2449e+00
  -1.7097e-01   5.3387e-02  -2.5562e-01
   2.0016e+00  -6.2504e-01   2.9927e+00
  -6.6296e-02   2.0702e-02  -9.9121e-02
   8.4987e-01  -2.6539e-01   1.2707e+00
   8.8748e-03  -2.7713e-03   1.3269e-02
   1.5984e+00  -4.9912e-01   2.3898e+00
   1.0746e-01  -3.3557e-02   1.6067e-01
   1.0635e+00  -3.3211e-01   1.5901e+00
   9.1921e-01  -2.8704e-01   1.3743e+00
   1.0563e+00  -3.2985e-01   1.5793e+00
  -4.1783e-01   1.3048e-01  -6.2472e-01
   3.6958e-01  -1.1541e-01   5.5258e-01
   6.3395e-01  -1.9796e-01   9.4783e-01
   7.7789e-01  -2.4291e-01   1.1631e+00
   9.8827e-01  -3.0860e-01   1.4776e+00
   1.2451e+00  -3.8881e-01   1.8616e+00
  -1.1997e+00   3.7462e-01  -1.7937e+00
   3.5258e-01  -1.1010e-01   5.2716e-01
   1.1262e+00  -3.5168e-01   1.6839e+00
   9.8766e-01  -3.0841e-01   1.4767e+00
   3.0732e-01  -9.5964e-02   4.5948e-01
   3.8857e-01  -1.2134e-01   5.8097e-01
   1.4895e+00  -4.6511e-01   2.2270e+00
  -2.1688e+00   6.7725e-01  -3.2427e+00
   3.7754e-01  -1.1789e-01   5.6448e-01
   7.0694e-01  -2.2075e-01   1.0570e+00
  -2.5887e-01   8.0835e-02  -3.8704e-01
   4.4214e-01  -1.3806e-01   6.6106e-01
   3.2132e-01  -1.0034e-01   4.8041e-01
   3.5866e-01  -1.1200e-01   5.3625e-01
   1.3418e+00  -4.1898e-01   2.0061e+00
   1.3121e+00  -4.0971e-01   1.9617e+00
  -2.4998e-01   7.8062e-02  -3.7376e-01
   5.9280e-04  -1.8511e-04   8.8632e-04
   1.0397e+00  -3.2467e-01   1.5545e+00
   6.5167e-01  -2.0350e-01   9.7434e-01
   1.5082e+00  -4.7095e-01   2.2549e+00
   1.1517e+00  -3.5964e-01   1.7220e+00
   1.7584e-01  -5.4910e-02   2.6291e-01
   2.6009e+00  -8.1218e-01   3.8887e+00
  -1.2305e-01   3.8425e-02  -1.8398e-01
   1.4770e-03  -4.6121e-04   2.2083e-03
  -5.9130e-01   1.8464e-01  -8.8408e-01
  -1.7795e-02   5.5567e-03  -2.6606e-02
   7.1256e-01  -2.2251e-01   1.0654e+00
   2.2159e+00  -6.9194e-01   3.3130e+00
  -5.9689e-01   1.8639e-01  -8.9243e-01
   2.3407e-01  -7.3092e-02   3.4996e-01
   1.0509e-02  -3.2817e-03   1.5713e-02
   9.2581e-01  -2.8910e-01   1.3842e+00
  -2.2488e-02   7.0221e-03  -3.3622e-02
   5.6958e-01  -1.7786e-01   8.5161e-01
   2.5129e-02  -7.8468e-03   3.7571e-02
   1.7288e+00  -5.3985e-01   2.5848e+00
   6.8697e-01  -2.1452e-01   1.0271e+00
   8.6731e-01  -2.7083e-01   1.2968e+00
   1.7482e+00  -5.4591e-01   2.6138e+00
  -2.8994e-02   9.0539e-03  -4.3350e-02
  -3.8539e-01   1.2034e-01  -5.7621e-01
   1.3455e-01  -4.2015e-02   2.0117e-01
   9.0145e-01  -2.8149e-01   1.3478e+00
   8.9499e-04  -2.7948e-04   1.3381e-03
  -1.1579e+00   3.6157e-01  -1.7312e+00
   1.9665e+00  -6.1407e-01   2.9402e+00
  -1.5566e+00   4.8607e-01  -2.3273e+00
   2.5073e-01  -7.8295e-02   3.7488e-01
   1.6346e+00  -5.1042e-01   2.4439e+00
  -1.0959e+00   3.4223e-01  -1.6386e+00
   3.3270e+00  -1.0389e+00   4.9744e+00
  -2.1411e-01   6.6861e-02  -3.2013e-01
   5.5421e-01  -1.7306e-01   8.2862e-01
  -1.2227e-01   3.8180e-02  -1.8281e-01
   1.7600e+00  -5.4958e-01   2.6314e+00
   7.2001e-01  -2.2483e-01   1.0765e+00
   3.7439e-01  -1.1691e-01   5.5976e-01
  -9.8436e-02   3.0738e-02  -1.4717e-01
   1.4099e+00  -4.4027e-01   2.1080e+00
   9.5561e-01  -2.9840e-01   1.4288e+00
   9.2747e-01  -2.8962e-01   1.3867e+00
  -2.5235e-02   7.8799e-03  -3.7729e-02
   1.4792e+00  -4.6191e-01   2.2116e+00
   2.4714e-03  -7.7174e-04   3.6951e-03
   1.3899e+00  -4.3401e-01   2.0781e+00
   8.0116e-02  -2.5017e-02   1.1978e-01
   8.3669e-01  -2.6127e-01   1.2510e+00
   4.4347e-01  -1.3848e-01   6.6304e-01
   1.1288e+00  -3.5247e-01   1.6876e+00
  -9.4369e-02   2.9468e-02  -1.4110e-01
   1.3288e+00  -4.1493e-01   1.9867e+00
   5.0872e-01  -1.5886e-01   7.6060e-01
   6.8710e-03  -2.1456e-03   1.0273e-02
   1.7843e+00  -5.5717e-01   2.6677e+00
  -1.0433e+00   3.2580e-01  -1.5599e+00
   4.2125e-01  -1.3154e-01   6.2982e-01
   9.6877e-01  -3.0252e-01   1.4485e+00
   7.7870e-01  -2.4316e-01   1.1643e+00
  -1.2824e-02   4.0045e-03  -1.9174e-02
   1.4240e+00  -4.4467e-01   2.1291e+00
   5.1509e-01  -1.6085e-01   7.7014e-01
   8.6650e-01  -2.7058e-01   1.2955e+00
   3.4368e-01  -1.0732e-01   5.1385e-01
   1.6414e-01  -5.1257e-02   2.4542e-01
   9.7541e-01  -3.0459e-01   1.4584e+00
   6.0668e-01  -1.8945e-01   9.0707e-01
  -1.7199e-02   5.3706e-03  -2.5715e-02
  -1.3538e-01   4.2274e-02  -2.0241e-01
   6.3853e-01  -1.9939e-01   9.5470e-01
  -1.4976e-02   4.6766e-03  -2.2392e-02
   4.7740e-01  -1.4908e-01   7.1378e-01
   6.4443e-01  -2.0124e-01   9.6352e-01
   2.1631e-01  -6.7547e-02   3.2342e-01
   7.3019e-01  -2.2801e-01   1.0917e+00
   2.5220e-01  -7.8755e-02   3.7708e-01
  -1.8809e-02   5.8735e-03  -2.8122e-02
   6.9732e-01  -2.1775e-01   1.0426e+00
   6.9917e-01  -2.1833e-01   1.0454e+00
   1.2289e-01  -3.8374e-02   1.8373e-01
   6.5673e-01  -2.0507e-01   9.8190e-01
   1.2606e-01  -3.9363e-02   1.8847e-01
   5.3163e-01  -1.6601e-01   7.9485e-01
  -1.0467e+00   3.2686e-01  -1.5650e+00
   3.7771e-01  -1.1795e-01   5.6473e-01
  -3.8346e-01   1.1974e-01  -5.7333e-01
   3.7938e-01  -1.1847e-01   5.6722e-01
  -4.1914e-02   1.3088e-02  -6.2667e-02
   2.4140e+00  -7.5381e-01   3.6093e+00
   3.9900e-01  -1.2460e-01   5.9656e-01
   3.2698e+00  -1.0210e+00   4.8888e+00
  -3.7649e-01   1.1756e-01  -5.6290e-01
   3.0317e-01  -9.4671e-02   4.5329e-01
   5.7795e-01  -1.8047e-01   8.6411e-01
   2.7271e-01  -8.5157e-02   4.0774e-01
  -1.5274e-01   4.7697e-02  -2.2837e-01
   2.6148e-01  -8.1650e-02   3.9094e-01
   9.9072e-01  -3.0937e-01   1.4813e+00
   1.9620e+00  -6.1266e-01   2.9334e+00
   1.5649e-02  -4.8868e-03   2.3398e-02
  -3.8045e-01   1.1880e-01  -5.6883e-01
   1.2109e+00  -3.7814e-01   1.8105e+00
   8.2005e-02  -2.5607e-02   1.2261e-01
  -4.1727e-01   1.3030e-01  -6.2388e-01
   1.2576e-01  -3.9270e-02   1.8803e-01
   5.5608e-01  -1.7364e-01   8.3142e-01
   3.1016e-02  -9.6853e-03   4.6373e-02
  -6.5114e-03   2.0333e-03  -9.7354e-03
  -1.7930e-01   5.5990e-02  -2.6808e-01
   1.1008e+00  -3.4373e-01   1.6458e+00
   4.0818e-01  -1.2746e-01   6.1028e-01
   5.7332e-01  -1.7903e-01   8.5720e-01
   2.4465e-03  -7.6395e-04   3.6578e-03
  -1.9290e-01   6.0235e-02  -2.8841e-01
   1.0947e-01  -3.4183e-02   1.6367e-01
   2.4334e-04  -7.5987e-05   3.6383e-04
   2.7359e-01  -8.5433e-02   4.0906e-01
   2.7132e-01  -8.4725e-02   4.0566e-01
   6.1969e-01  -1.9351e-01   9.2652e-01
  -7.2147e-03   2.2529e-03  -1.0787e-02
   1.2201e-01  -3.8099e-02   1.8242e-01
   8.0715e-02  -2.5204e-02   1.2068e-01
  -5.0058e-01   1.5631e-01  -7.4843e-01
   2.6501e-02  -8.2755e-03   3.9623e-02
   2.8936e-01  -9.0358e-02   4.3264e-01
   3.6470e-01  -1.1388e-01   5.4527e-01
   6.8287e-03  -2.1324e-03   1.0210e-02
   2.5666e+00  -8.0147e-01   3.8374e+00
   2.8517e-01  -8.9049e-02   4.2637e-01
   9.5099e-02  -2.9696e-02   1.4219e-01
   4.7626e-01  -1.4872e-01   7.1208e-01
   1.6016e+00  -5.0012e-01   2.3946e+00
   8.0848e-01  -2.5246e-01   1.2088e+00
   8.0884e-01  -2.5257e-01   1.2093e+00
   2.3598e+00  -7.3689e-01   3.5282e+00
   5.1883e-01  -1.6201e-01   7.7572e-01
   9.2444e-01  -2.8867e-01   1.3822e+00
  -4.7644e-01   1.4878e-01  -7.1235e-01
   7.2311e-01  -2.2580e-01   1.0811e+00
   1.7056e+00  -5.3261e-01   2.5501e+00
   1.4623e+00  -4.5663e-01   2.1863e+00
   3.0171e+00  -9.4214e-01   4.5110e+00
   9.9962e-01  -3.1215e-01   1.4946e+00
   5.7864e-01  -1.8069e-01   8.6515e-01
  -3.4741e-01   1.0849e-01  -5.1943e-01
   1.5325e-01  -4.7855e-02   2.2913e-01
   1.3111e+00  -4.0940e-01   1.9602e+00
   2.1246e+00  -6.6344e-01   3.1766e+00
   2.0951e+00  -6.5424e-01   3.1325e+00
   8.6648e-01  -2.7057e-01   1.2955e+00
   8.4763e-01  -2.6469e-01   1.2673e+00
   8.4584e-02  -2.6413e-02   1.2646e-01
   4.0451e+00  -1.2632e+00   6.0480e+00
   5.7707e-01  -1.8020e-01   8.6280e-01
   1.1036e+00  -3.4461e-01   1.6500e+00
   9.5929e-01  -2.9955e-01   1.4343e+00
   9.4558e-02  -2.9527e-02   1.4138e-01
   2.6269e-02  -8.2029e-03   3.9275e-02
   8.5328e-01  -2.6645e-01   1.2758e+00
   3.3297e-01  -1.0398e-01   4.9784e-01
  -7.1464e-02   2.2316e-02  -1.0685e-01
  -4.8482e-01   1.5139e-01  -7.2487e-01
   1.5283e+00  -4.7723e-01   2.2850e+00
   1.8272e+00  -5.7057e-01   2.7319e+00
   1.8271e+00  -5.7053e-01   2.7317e+00
   2.4917e+00  -7.7806e-01   3.7254e+00
  -9.4415e-01   2.9482e-01  -1.4116e+00
  -1.1199e-01   3.4972e-02  -1.6744e-01
   4.0913e-01  -1.2776e-01   6.1170e-01
   2.4366e-03  -7.6087e-04   3.6431e-03
   1.3488e-01  -4.2118e-02   2.0166e-01
  -5.7854e-01   1.8066e-01  -8.6500e-01
  -3.2217e-01   1.0060e-01  -4.8169e-01
   9.5647e-01  -2.9867e-01   1.4300e+00
   1.4778e+00  -4.6146e-01   2.2095e+00
   1.7848e+00  -5.5732e-01   2.6685e+00
  -1.5328e-02   4.7865e-03  -2.2918e-02
   3.3333e-01  -1.0409e-01   4.9837e-01
   8.6779e-03  -2.7098e-03   1.2975e-02
   2.2284e-01  -6.9585e-02   3.3318e-01
   6.5208e-01  -2.0362e-01   9.7495e-01
  -2.0054e-02   6.2622e-03  -2.9984e-02
   2.0549e+00  -6.4169e-01   3.0724e+00
   1.1311e+00  -3.5322e-01   1.6912e+00
  -8.0760e-01   2.5219e-01  -1.2075e+00
   1.5429e+00  -4.8180e-01   2.3069e+00
   6.2643e-01  -1.9561e-01   9.3659e-01
   1.0923e+00  -3.4110e-01   1.6332e+00
   9.9780e-01  -3.1158e-01   1.4918e+00
   1.2024e+00  -3.7546e-01   1.7977e+00
   1.3213e+00  -4.1260e-01   1.9756e+00
   1.0683e-01  -3.3361e-02   1.5973e-01
   1.1016e+00  -3.4399e-01   1.6470e+00
  -3.6461e-01   1.1386e-01  -5.4514e-01
   5.5268e-01  -1.7258e-01   8.2633e-01
   6.5111e-02  -2.0332e-02   9.7349e-02
   6.2535e-03  -1.9528e-03   9.3498e-03
   1.7243e-02  -5.3844e-03   2.5781e-02
   1.1083e+00  -3.4608e-01   1.6570e+00
   1.5846e+00  -4.9481e-01   2.3692e+00
  -1.8960e+00   5.9206e-01  -2.8348e+00
   1.7562e-02  -5.4840e-03   2.6257e-02
  -1.8942e-03   5.9150e-04  -2.8321e-03
   9.6763e-01  -3.0216e-01   1.4467e+00
   9.8832e-01  -3.0862e-01   1.4777e+00
   5.2446e-01  -1.6377e-01   7.8414e-01
   7.8564e-01  -2.4533e-01   1.1746e+00
   5.4180e-02  -1.6919e-02   8.1007e-02
   5.5293e-01  -1.7266e-01   8.2671e-01
  -4.2029e-01   1.3124e-01  -6.2839e-01
  -3.9566e-02   1.2355e-02  -5.9157e-02
   2.6397e-01  -8.2430e-02   3.9468e-01
   6.7689e-02  -2.1137e-02   1.0120e-01
   2.1432e+00  -6.6925e-01   3.2044e+00
   8.9272e-03  -2.7877e-03   1.3347e-02
   2.9500e-02  -9.2119e-03   4.4107e-02
   1.3599e+00  -4.2466e-01   2.0333e+00
   3.9512e-03  -1.2338e-03   5.9076e-03
   2.7236e+00  -8.5050e-01   4.0722e+00
   8.2592e-01  -2.5791e-01   1.2349e+00
   2.7240e-01  -8.5062e-02   4.0728e-01
  -2.3386e-02   7.3027e-03  -3.4965e-02
   2.8301e-03  -8.8375e-04   4.2314e-03
   1.3979e+00  -4.3651e-01   2.0900e+00
   2.0232e-01  -6.3178e-02   3.0250e-01
  -8.9721e-02   2.8017e-02  -1.3414e-01
  -1.7396e+00   5.4321e-01  -2.6009e+00
   1.0759e+00  -3.3598e-01   1.6087e+00
  -3.4387e-02   1.0738e-02  -5.1413e-02
  -1.7680e-01   5.5210e-02  -2.6435e-01
   1.2856e+00  -4.0145e-01   1.9221e+00
   1.3001e-01  -4.0599e-02   1.9439e-01
   8.1610e-01  -2.5484e-01   1.2202e+00
   1.0379e+00  -3.2410e-01   1.5518e+00
  -1.9363e-01   6.0463e-02  -2.8950e-01
  -1.2702e+00   3.9664e-01  -1.8991e+00
  -8.6714e-01   2.7078e-01  -1.2965e+00
  -4.1359e-02   1.2915e-02  -6.1837e-02
   2.0493e-01  -6.3992e-02   3.0639e-01
   2.4747e+00  -7.7278e-01   3.7001e+00
  -1.1398e-01   3.5593e-02  -1.7042e-01
  -4.7270e-01   1.4761e-01  -7.0675e-01
  -7.9021e-01   2.4675e-01  -1.1815e+00
   9.3726e-01  -2.9267e-01   1.4013e+00
   3.5902e-01  -1.1211e-01   5.3678e-01
  -1.0778e+00   3.3656e-01  -1.6114e+00
  -6.2337e-03   1.9466e-03  -9.3202e-03
  -1.3855e-03   4.3263e-04  -2.0714e-03
   2.1163e+00  -6.6085e-01   3.1642e+00
  -9.0769e-01   2.8344e-01  -1.3571e+00
   1.7898e+00  -5.5891e-01   2.6761e+00
   7.0838e-01  -2.2120e-01   1.0591e+00
  -1.1502e-01   3.5918e-02  -1.7198e-01
   5.6046e-01  -1.7501e-01   8.3796e-01
   8.9020e-01  -2.7798e-01   1.3310e+00
   9.7721e-01  -3.0515e-01   1.4611e+00
  -3.0139e-01   9.4115e-02  -4.5062e-01
  -2.8568e+00   8.9207e-01  -4.2712e+00
   1.9662e+00  -6.1397e-01   2.9397e+00
  -1.1666e-01   3.6430e-02  -1.7443e-01
   1.2235e+00  -3.8205e-01   1.8293e+00
   1.0337e-01  -3.2279e-02   1.5455e-01
   3.6069e-01  -1.1263e-01   5.3928e-01
   2.4232e+00  -7.5669e-01   3.6231e+00
   2.5484e+00  -7.9577e-01   3.8102e+00
   3.0977e-01  -9.6730e-02   4.6315e-01
  -3.2459e-02   1.0136e-02  -4.8530e-02
   4.9714e-01  -1.5524e-01   7.4329e-01
   2.4627e+00  -7.6901e-01   3.6820e+00
   2.0565e+00  -6.4217e-01   3.0747e+00
   5.9056e-01  -1.8441e-01   8.8296e-01
   9.4004e-01  -2.9354e-01   1.4055e+00
   8.1752e-01  -2.5529e-01   1.2223e+00
   3.8396e-01  -1.1990e-01   5.7407e-01
  -1.1109e+00   3.4689e-01  -1.6609e+00
   1.0023e+00  -3.1297e-01   1.4985e+00
   1.2475e+00  -3.8957e-01   1.8652e+00
  -1.4276e+00   4.4580e-01  -2.1345e+00
   1.3846e+00  -4.3237e-01   2.0702e+00
   1.3407e+00  -4.1865e-01   2.0045e+00
   1.1605e+00  -3.6238e-01   1.7351e+00
   1.4310e+00  -4.4685e-01   2.1395e+00
   1.8336e-01  -5.7258e-02   2.7415e-01
   7.9205e-01  -2.4733e-01   1.1842e+00
   1.1356e+00  -3.5461e-01   1.6979e+00
   2.1380e+00  -6.6764e-01   3.1967e+00
   1.2318e+00  -3.8464e-01   1.8417e+00
  -8.8665e-01   2.7687e-01  -1.3257e+00
   1.1243e+00  -3.5109e-01   1.6810e+00
   1.6957e-01  -5.2950e-02   2.5353e-01
   1.1194e+00  -3.4955e-01   1.6736e+00
   1.2661e+00  -3.9537e-01   1.8930e+00
   4.7199e-01  -1.4739e-01   7.0569e-01
   1.5660e+00  -4.8901e-01   2.3414e+00
   9.9954e-01  -3.1212e-01   1.4945e+00
   2.6249e+00  -8.1967e-01   3.9246e+00
   1.0397e+00  -3.2465e-01   1.5545e+00
   1.5934e+00  -4.9756e-01   2.3823e+00
  -2.4696e-02   7.7117e-03  -3.6924e-02
  -4.9040e-03   1.5314e-03  -7.3322e-03
   5.7329e-01  -1.7902e-01   8.5715e-01
  -9.6913e-01   3.0263e-01  -1.4490e+00
   6.0484e-01  -1.8887e-01   9.0431e-01
   1.0948e+00  -3.4186e-01   1.6368e+00
   7.1277e-01  -2.2257e-01   1.0657e+00
  -3.8860e-03   1.2135e-03  -5.8102e-03
   2.2212e+00  -6.9360e-01   3.3209e+00
  -4.1275e-02   1.2889e-02  -6.1712e-02
   2.6078e-01  -8.1434e-02   3.8991e-01
   1.4841e+00  -4.6343e-01   2.2189e+00
   4.3756e-01  -1.3663e-01   6.5421e-01
   6.5929e-01  -2.0587e-01   9.8572e-01
   1.2684e+00  -3.9609e-01   1.8965e+00
   1.1846e+00  -3.6992e-01   1.7712e+00
   1.2905e+00  -4.0299e-01   1.9295e+00
   1.6343e+00  -5.1034e-01   2.4435e+00
   7.0730e-02  -2.2086e-02   1.0575e-01
  -3.9874e-01   1.2451e-01  -5.9617e-01
   3.4380e-02  -1.0736e-02   5.1403e-02
   1.1792e-02  -3.6822e-03   1.7630e-02
   1.7070e+00  -5.3303e-01   2.5521e+00
   1.7113e+00  -5.3438e-01   2.5586e+00
   2.0975e-01  -6.5497e-02   3.1360e-01
   1.9443e+00  -6.0713e-01   2.9069e+00
   2.0544e+00  -6.4151e-01   3.0716e+00
   2.0411e-01  -6.3736e-02   3.0517e-01
   1.8263e+00  -5.7031e-01   2.7306e+00
  -5.5647e-01   1.7377e-01  -8.3200e-01
   3.2382e+00  -1.0112e+00   4.8416e+00
   2.5204e+00  -7.8704e-01   3.7684e+00
   2.1276e-01  -6.6437e-02   3.1810e-01
   4.4960e-01  -1.4039e-01   6.7221e-01
   1.3925e+00  -4.3483e-01   2.0820e+00
   1.3228e+00  -4.1308e-01   1.9778e+00
   2.2159e+00  -6.9193e-01   3.3130e+00
   3.6032e-01  -1.1252e-01   5.3873e-01
   1.6471e+00  -5.1434e-01   2.4627e+00
   6.4640e-01  -2.0185e-01   9.6645e-01
  -2.1939e-02   6.8508e-03  -3.2802e-02
  -7.9915e-01   2.4955e-01  -1.1948e+00
   3.7604e-02  -1.1742e-02   5.6223e-02
   1.0251e+00  -3.2010e-01   1.5327e+00
   3.3425e-01  -1.0437e-01   4.9975e-01
   1.5823e+00  -4.9408e-01   2.3657e+00
   1.0465e+00  -3.2678e-01   1.5646e+00
  -1.0368e+00   3.2376e-01  -1.5502e+00
   3.0909e-01  -9.6520e-02   4.6214e-01
   1.2013e+00  -3.7512e-01   1.7961e+00
  -7.8339e-03   2.4463e-03  -1.1713e-02
  -8.4295e-01   2.6322e-01  -1.2603e+00
  -3.7104e-01   1.1586e-01  -5.5476e-01
   1.3147e+00  -4.1053e-01   1.9656e+00
  -7.5650e-03   2.3623e-03  -1.1311e-02
   9.3644e-02  -2.9242e-02   1.4001e-01
   9.0034e-01  -2.8114e-01   1.3461e+00
   4.9895e-01  -1.5581e-01   7.4601e-01
  -8.0436e-02   2.5118e-02  -1.2026e-01
   2.0090e+00  -6.2733e-01   3.0037e+00
   1.0447e+00  -3.2621e-01   1.5619e+00
   1.6528e+00  -5.1610e-01   2.4711e+00
   1.0611e+00  -3.3135e-01   1.5865e+00
  -1.9514e-01   6.0936e-02  -2.9176e-01
   1.8765e+00  -5.8597e-01   2.8056e+00
   1.2794e+00  -3.9952e-01   1.9129e+00
  -7.0277e-06   2.1945e-06  -1.0507e-05
  -1.6638e+00   5.1954e-01  -2.4876e+00
   7.9896e-02  -2.4949e-02   1.1946e-01
  -8.9750e-03   2.8026e-03  -1.3419e-02
  -1.5098e+00   4.7145e-01  -2.2573e+00
   1.6491e+00  -5.1497e-01   2.4657e+00
  -1.0565e-01   3.2990e-02  -1.5796e-01
  -7.9035e-01   2.4680e-01  -1.1817e+00
   6.6999e-01  -2.0921e-01   1.0017e+00
   3.2702e-01  -1.0212e-01   4.8893e-01
   2.4275e-01  -7.5803e-02   3.6295e-01
   1.5086e-01  -4.7108e-02   2.2555e-01
   1.7130e-03  -5.3490e-04   2.5611e-03
   1.6191e-01  -5.0560e-02   2.4208e-01
   9.9949e-01  -3.1211e-01   1.4944e+00
   1.2648e-01  -3.9495e-02   1.8910e-01
  -2.6370e-02   8.2345e-03  -3.9427e-02
  -2.7575e-02   8.6107e-03  -4.1228e-02
   1.1260e+00  -3.5162e-01   1.6836e+00
   1.2946e+00  -4.0424e-01   1.9355e+00
   2.5075e-03  -7.8300e-04   3.7490e-03
   1.1859e-03  -3.7031e-04   1.7731e-03
   4.6034e-03  -1.4375e-03   6.8827e-03
  -6.8212e-01   2.1300e-01  -1.0199e+00
  -4.7082e-03   1.4702e-03  -7.0395e-03
   2.3528e-01  -7.3471e-02   3.5178e-01
   8.2067e-02  -2.5627e-02   1.2270e-01
   1.0657e+00  -3.3277e-01   1.5933e+00
   2.9859e-01  -9.3241e-02   4.4644e-01
   9.1008e-01  -2.8419e-01   1.3607e+00
  -1.3605e+00   4.2484e-01  -2.0341e+00
   5.3258e-01  -1.6631e-01   7.9628e-01
  -4.0602e-01   1.2679e-01  -6.0705e-01
  -7.8341e-01   2.4463e-01  -1.1713e+00
  -6.5958e-02   2.0597e-02  -9.8617e-02
  -3.1158e-02   9.7295e-03  -4.6585e-02
  -5.7127e-02   1.7839e-02  -8.5412e-02
   5.6993e-01  -1.7797e-01   8.5212e-01
   2.9520e-01  -9.2180e-02   4.4136e-01
   1.3566e-02  -4.2362e-03   2.0283e-02
   6.3202e-01  -1.9736e-01   9.4496e-01
   2.9956e+00  -9.3543e-01   4.4789e+00
   2.4557e-02  -7.6684e-03   3.6717e-02
   1.3765e+00  -4.2982e-01   2.0580e+00
   1.1699e-01  -3.6532e-02   1.7492e-01
   3.1451e-01  -9.8211e-02   4.7023e-01
   5.4593e-02  -1.7048e-02   8.1624e-02
  -1.2254e+00   3.8264e-01  -1.8321e+00
   8.5983e-01  -2.6850e-01   1.2856e+00
   1.4895e-01  -4.6511e-02   2.2270e-01
   3.7406e-01  -1.1681e-01   5.5928e-01
  -3.6873e-03   1.1514e-03  -5.5130e-03
  -4.8790e-03   1.5235e-03  -7.2948e-03
   6.3844e-01  -1.9936e-01   9.5455e-01
  -1.2739e-02   3.9779e-03  -1.9046e-02
  -4.5651e-01   1.4255e-01  -6.8255e-01
   2.2879e+00  -7.1444e-01   3.4208e+00
   6.0708e-01  -1.8957e-01   9.0766e-01
  -6.7605e-03   2.1111e-03  -1.0108e-02
   1.4091e+00  -4.4002e-01   2.1068e+00
   6.2467e-01  -1.9506e-01   9.3397e-01
  -3.4281e-02   1.0705e-02  -5.1255e-02
  -2.1851e-01   6.8233e-02  -3.2670e-01
   2.1335e+00  -6.6623e-01   3.1899e+00
   5.5350e-01  -1.7284e-01   8.2755e-01
   4.8673e-01  -1.5199e-01   7.2772e-01
  -1.9933e-02   6.2244e-03  -2.9803e-02
   8.8205e-03  -2.7543e-03   1.3188e-02
  -3.3334e-02   1.0409e-02  -4.9839e-02
  -5.4101e-02   1.6894e-02  -8.0889e-02
   4.8645e-01  -1.5190e-01   7.2731e-01
  -3.3128e-01   1.0345e-01  -4.9531e-01
   7.1374e-01  -2.2288e-01   1.0671e+00
   1.4167e+00  -4.4240e-01   2.1182e+00
   9.5136e-02  -2.9708e-02   1.4224e-01
   9.0254e-01  -2.8183e-01   1.3494e+00
   7.3180e-01  -2.2851e-01   1.0941e+00
  -2.8402e-03   8.8691e-04  -4.2465e-03
   1.1091e+00  -3.4634e-01   1.6583e+00
  -3.9399e-02   1.2303e-02  -5.8906e-02
   3.8323e-01  -1.1967e-01   5.7297e-01
   2.7235e+00  -8.5044e-01   4.0719e+00
  -5.3560e-02   1.6725e-02  -8.0079e-02
  -1.8543e-02   5.7903e-03  -2.7724e-02
   1.2250e+00  -3.8253e-01   1.8316e+00
   7.3693e-01  -2.3012e-01   1.1018e+00
   1.7939e-02  -5.6016e-03   2.6821e-02
   1.2010e+00  -3.7505e-01   1.7957e+00
   9.0305e-03  -2.8199e-03   1.3502e-02
   1.0215e+00  -3.1898e-01   1.5273e+00
   2.4537e-01  -7.6621e-02   3.6686e-01
  -3.1538e-03   9.8483e-04  -4.7154e-03
  -8.9291e-03   2.7883e-03  -1.3350e-02
   6.4030e-01  -1.9994e-01   9.5734e-01
   1.5554e+00  -4.8568e-01   2.3255e+00
   4.2497e-01  -1.3270e-01   6.3539e-01
   6.7002e-01  -2.0923e-01   1.0018e+00
   5.3324e-01  -1.6651e-01   7.9727e-01
  -2.2442e-02   7.0079e-03  -3.3554e-02
   2.0271e+00  -6.3301e-01   3.0309e+00
  -7.4322e-03   2.3208e-03  -1.1112e-02
   5.5109e-01  -1.7209e-01   8.2396e-01
   6.0752e-01  -1.8971e-01   9.0833e-01
  -5.2974e-01   1.6542e-01  -7.9203e-01
  -1.6523e-02   5.1597e-03  -2.4705e-02
  -2.1250e-02   6.6355e-03  -3.1771e-02
  -3.6706e-02   1.1462e-02  -5.4881e-02
  -2.4809e-02   7.7471e-03  -3.7093e-02
   5.1462e-01  -1.6070e-01   7.6943e-01
   4.5513e-01  -1.4212e-01   6.8049e-01
   1.4209e+00  -4.4370e-01   2.1244e+00
   1.1661e-02  -3.6412e-03   1.7434e-02
   5.9055e-02  -1.8441e-02   8.8296e-02
  -6.8405e-01   2.1361e-01  -1.0227e+00
   8.6127e-01  -2.6895e-01   1.2877e+00
   4.8520e-01  -1.5151e-01   7.2544e-01
   2.6056e+00  -8.1365e-01   3.8958e+00
   5.0410e-01  -1.5741e-01   7.5370e-01
   5.4168e-01  -1.6915e-01   8.0988e-01
   1.5297e-01  -4.7768e-02   2.2871e-01
   4.7574e-01  -1.4856e-01   7.1130e-01
   6.1310e-01  -1.9145e-01   9.1667e-01
  -1.1549e-01   3.6064e-02  -1.7267e-01
  -6.8542e-02   2.1403e-02  -1.0248e-01
   1.5315e+00  -4.7824e-01   2.2898e+00
   4.7514e-01  -1.4837e-01   7.1041e-01
   1.6094e+00  -5.0255e-01   2.4062e+00
   3.7445e-02  -1.1693e-02   5.5986e-02
   4.9814e-02  -1.5555e-02   7.4479e-02
  -1.5269e-02   4.7681e-03  -2.2830e-02
   1.1374e+00  -3.5516e-01   1.7005e+00
  -7.9321e-02   2.4769e-02  -1.1860e-01
   2.7675e-02  -8.6420e-03   4.1378e-02
  -3.1116e-01   9.7166e-02  -4.6523e-01
   9.7834e-01  -3.0550e-01   1.4628e+00
   7.8951e-01  -2.4654e-01   1.1804e+00
  -1.8427e-03   5.7540e-04  -2.7550e-03
   8.8128e-02  -2.7519e-02   1.3176e-01
   1.0318e-01  -3.2220e-02   1.5427e-01
   1.5039e+00  -4.6962e-01   2.2485e+00
   1.5419e-01  -4.8148e-02   2.3053e-01
   1.7281e+00  -5.3964e-01   2.5838e+00
   4.8170e-02  -1.5042e-02   7.2021e-02
   1.8514e+00  -5.7813e-01   2.7681e+00
   1.8268e+00  -5.7045e-01   2.7313e+00
   5.7453e-01  -1.7941e-01   8.5900e-01
   2.3523e-01  -7.3456e-02   3.5171e-01
   1.5054e-01  -4.7007e-02   2.2507e-01
   2.3103e+00  -7.2141e-01   3.4541e+00
  -8.3237e-01   2.5992e-01  -1.2445e+00
   2.6842e-01  -8.3818e-02   4.0132e-01
   2.0225e+00  -6.3155e-01   3.0239e+00
  -4.3557e-01   1.3601e-01  -6.5124e-01
  -9.8682e-01   3.0815e-01  -1.4754e+00
  -8.3212e-02   2.5984e-02  -1.2441e-01
   1.0037e+00  -3.1341e-01   1.5006e+00
   1.5665e-01  -4.8918e-02   2.3422e-01
   5.0997e-03  -1.5925e-03   7.6248e-03
   7.3347e-01  -2.2904e-01   1.0966e+00
   2.4528e-01  -7.6592e-02   3.6672e-01
   3.7724e-01  -1.1780e-01   5.6403e-01
   8.8379e-02  -2.7598e-02   1.3214e-01
   1.5729e+00  -4.9116e-01   2.3517e+00
   2.1153e+00  -6.6054e-01   3.1627e+00
   3.0242e-01  -9.4435e-02   4.5215e-01
   2.8091e-01  -8.7720e-02   4.2000e-01
   5.8101e-01  -1.8143e-01   8.6868e-01
   1.4965e+00  -4.6730e-01   2.2374e+00
   1.5361e+00  -4.7967e-01   2.2967e+00
   5.8692e-01  -1.8327e-01   8.7752e-01
   8.2073e-01  -2.5629e-01   1.2271e+00
   9.7242e-01  -3.0365e-01   1.4539e+00
   4.9558e-01  -1.5475e-01   7.4097e-01
   1.4599e+00  -4.5589e-01   2.1828e+00
   2.5024e-01  -7.8140e-02   3.7414e-01
   5.7262e-01  -1.7881e-01   8.5615e-01
  -4.1792e-01   1.3050e-01  -6.2485e-01
   1.8656e+00  -5.8257e-01   2.7894e+00
   2.0948e+00  -6.5415e-01   3.1321e+00
   1.9945e+00  -6.2281e-01   2.9820e+00
   1.3791e+00  -4.3066e-01   2.0620e+00
   1.3469e+00  -4.2060e-01   2.0138e+00
   2.9745e-01  -9.2885e-02   4.4473e-01
   6.0764e-01  -1.8975e-01   9.0851e-01
   3.4569e-02  -1.0795e-02   5.1685e-02
  -4.7640e-02   1.4876e-02  -7.1228e-02
  -3.1258e-03   9.7609e-04  -4.6735e-03
   2.0694e+00  -6.4621e-01   3.0941e+00
   7.8993e-01  -2.4667e-01   1.1811e+00
  -2.4674e-03   7.7047e-04  -3.6890e-03
   1.2762e+00  -3.9851e-01   1.9081e+00
   9.2742e-01  -2.8960e-01   1.3866e+00
   2.9147e+00  -9.1016e-01   4.3579e+00
   1.0476e+00  -3.2713e-01   1.5663e+00
  -5.7228e-03   1.7870e-03  -8.5564e-03
  -5.5426e-01   1.7308e-01  -8.2869e-01
   6.1585e-01  -1.9231e-01   9.2079e-01
   7.0507e-01  -2.2017e-01   1.0542e+00
   4.3881e+00  -1.3702e+00   6.5607e+00
  -6.6475e-01   2.0758e-01  -9.9389e-01
   2.5724e+00  -8.0326e-01   3.8460e+00
   3.8720e+00  -1.2091e+00   5.7891e+00
   6.9498e-01  -2.1702e-01   1.0391e+00
  -2.8533e-03   8.9100e-04  -4.2661e-03
   1.6137e+00  -5.0390e-01   2.4127e+00
   7.9811e-01  -2.4922e-01   1.1933e+00
   3.6492e-01  -1.1395e-01   5.4560e-01
  -1.1012e+00   3.4387e-01  -1.6465e+00
   8.1810e-01  -2.5546e-01   1.2232e+00
  -1.6810e+00   5.2490e-01  -2.5133e+00
  -2.2869e-01   7.1413e-02  -3.4193e-01
   1.3188e+00  -4.1181e-01   1.9718e+00
   3.6714e-01  -1.1464e-01   5.4892e-01
   9.1136e-01  -2.8459e-01   1.3626e+00
   9.9484e-01  -3.1066e-01   1.4874e+00
   1.1455e+00  -3.5771e-01   1.7127e+00
   6.2974e-01  -1.9665e-01   9.4155e-01
   7.1655e-01  -2.2376e-01   1.0713e+00
  -2.7647e-01   8.6331e-02  -4.1336e-01
  -4.5958e-02   1.4351e-02  -6.8713e-02
   5.8743e-01  -1.8343e-01   8.7828e-01
   1.7096e-02  -5.3385e-03   2.5561e-02
  -5.7276e-02   1.7885e-02  -8.5636e-02
   2.8347e-01  -8.8517e-02   4.2382e-01
   2.4954e-01  -7.7923e-02   3.7310e-01
   2.0753e-02  -6.4804e-03   3.1028e-02
  -8.4107e-02   2.6264e-02  -1.2575e-01
  -5.0880e-01   1.5888e-01  -7.6073e-01
   1.7395e+00  -5.4318e-01   2.6008e+00
   1.9096e-01  -5.9632e-02   2.8552e-01
  -9.4570e-02   2.9531e-02  -1.4139e-01
   1.0592e-01  -3.3076e-02   1.5837e-01
   9.4670e-01  -2.9562e-01   1.4154e+00
  -2.6546e-02   8.2893e-03  -3.9689e-02
   1.8463e-01  -5.7654e-02   2.7605e-01
   1.4609e+00  -4.5620e-01   2.1843e+00
   4.4454e-01  -1.3882e-01   6.6465e-01
   9.8010e-01  -3.0605e-01   1.4654e+00
   2.4671e-01  -7.7038e-02   3.6886e-01
   7.5041e-02  -2.3433e-02   1.1220e-01
   1.2328e+00  -3.8495e-01   1.8432e+00
   1.0600e+00  -3.3099e-01   1.5848e+00
   7.8535e-01  -2.4524e-01   1.1742e+00
  -1.1515e+00   3.5956e-01  -1.7216e+00
   2.4715e-02  -7.7177e-03   3.6952e-02
   1.2951e+00  -4.0441e-01   1.9363e+00
   6.2506e-01  -1.9518e-01   9.3455e-01
  -1.5301e+00   4.7779e-01  -2.2877e+00
   1.0656e+00  -3.3276e-01   1.5933e+00
   1.9188e-02  -5.9918e-03   2.8689e-02
   1.3522e-01  -4.2224e-02   2.0217e-01
   9.1253e-01  -2.8495e-01   1.3644e+00
   1.6248e-01  -5.0738e-02   2.4294e-01
   9.0087e-01  -2.8131e-01   1.3469e+00
   5.6328e-01  -1.7589e-01   8.4218e-01
   8.2352e-01  -2.5716e-01   1.2313e+00
   6.8599e-01  -2.1421e-01   1.0257e+00
   1.3625e+00  -4.2547e-01   2.0372e+00
  -8.3936e-01   2.6210e-01  -1.2550e+00
   1.7894e+00  -5.5877e-01   2.6754e+00
   4.2612e-01  -1.3306e-01   6.3711e-01
   2.8931e-02  -9.0343e-03   4.3256e-02
   1.3639e-02  -4.2590e-03   2.0392e-02
   5.4987e-01  -1.7171e-01   8.2213e-01

