   9.2729e-02   1.9509e-01   2.4048e-01
  -3.8941e-04  -8.1928e-04  -1.0099e-03
   4.9390e-01   1.0391e+00   1.2809e+00
  -5.6394e-02  -1.1865e-01  -1.4625e-01
   3.6915e-01   7.7666e-01   9.5734e-01
   1.2772e-02   2.6871e-02   3.3122e-02
   2.6946e-01   5.6692e-01   6.9881e-01
   2.6710e-01   5.6196e-01   6.9269e-01
   1.9511e-01   4.1050e-01   5.0600e-01
   2.8661e-01   6.0300e-01   7.4328e-01
   1.2884e+00   2.7108e+00   3.3414e+00
  -2.3927e-03  -5.0340e-03  -6.2051e-03
   2.9850e-01   6.2802e-01   7.7412e-01
   1.0354e+00   2.1784e+00   2.6852e+00
   2.4170e-01   5.0852e-01   6.2683e-01
   2.0693e-03   4.3536e-03   5.3664e-03
   2.3770e-01   5.0010e-01   6.1645e-01
   8.2525e-01   1.7363e+00   2.1402e+00
   3.8752e-01   8.1531e-01   1.0050e+00
  -3.1948e-01  -6.7215e-01  -8.2853e-01
   6.7381e-03   1.4176e-02   1.7475e-02
   6.8312e-01   1.4372e+00   1.7716e+00
  -4.5280e-02  -9.5265e-02  -1.1743e-01
  -5.1143e-01  -1.0760e+00  -1.3263e+00
  -4.9824e-02  -1.0483e-01  -1.2921e-01
  -2.0876e-01  -4.3921e-01  -5.4139e-01
   2.2374e-01   4.7074e-01   5.8025e-01
   2.9377e-01   6.1808e-01   7.6187e-01
   1.0248e+00   2.1560e+00   2.6576e+00
   9.4194e-01   1.9818e+00   2.4428e+00
   3.7311e-03   7.8498e-03   9.6760e-03
   3.9041e-01   8.2138e-01   1.0125e+00
   1.3471e-02   2.8341e-02   3.4935e-02
  -2.2878e-01  -4.8133e-01  -5.9331e-01
   6.9890e-01   1.4704e+00   1.8125e+00
   5.4393e-02   1.1444e-01   1.4106e-01
   1.6197e-01   3.4076e-01   4.2004e-01
   1.3414e+00   2.8222e+00   3.4788e+00
   2.4207e+00   5.0929e+00   6.2777e+00
   2.2795e-01   4.7959e-01   5.9117e-01
  -1.6748e-01  -3.5237e-01  -4.3435e-01
   2.1567e-01   4.5376e-01   5.5932e-01
  -1.3187e+00  -2.7745e+00  -3.4200e+00
  -1.0485e-03  -2.2059e-03  -2.7191e-03
   2.6885e-01   5.6564e-01   6.9724e-01
   4.0625e-01   8.5472e-01   1.0536e+00
  -2.1102e-01  -4.4397e-01  -5.4726e-01
   1.8911e+00   3.9787e+00   4.9043e+00
   5.7696e-02   1.2139e-01   1.4963e-01
   3.0581e-01   6.4341e-01   7.9309e-01
   5.0785e-03   1.0685e-02   1.3170e-02
   7.6471e-01   1.6089e+00   1.9832e+00
   4.0655e-02   8.5535e-02   1.0543e-01
  -1.5288e-02  -3.2164e-02  -3.9647e-02
   6.2131e-02   1.3072e-01   1.6113e-01
   3.6843e-03   7.7515e-03   9.5548e-03
   1.4059e-01   2.9579e-01   3.6460e-01
  -6.0877e-04  -1.2808e-03  -1.5788e-03
   5.2631e-01   1.1073e+00   1.3649e+00
   5.7183e-01   1.2031e+00   1.4830e+00
   2.8020e-01   5.8952e-01   7.2667e-01
   2.5893e-03   5.4477e-03   6.7151e-03
   2.4159e-01   5.0829e-01   6.2654e-01
   6.1172e-01   1.2870e+00   1.5864e+00
  -3.0692e-01  -6.4574e-01  -7.9597e-01
   9.8233e-01   2.0667e+00   2.5476e+00
   4.3384e-01   9.1277e-01   1.1251e+00
   7.6040e-03   1.5998e-02   1.9720e-02
  -1.6557e-01  -3.4834e-01  -4.2938e-01
  -1.6691e-01  -3.5118e-01  -4.3287e-01
   4.6866e-01   9.8603e-01   1.2154e+00
   1.1180e-01   2.3521e-01   2.8993e-01
   1.1760e+00   2.4742e+00   3.0498e+00
  -7.7904e-03  -1.6390e-02  -2.0203e-02
   1.1722e-01   2.4663e-01   3.0400e-01
   1.2693e-02   2.6705e-02   3.2918e-02
   2.9312e-02   6.1669e-02   7.6016e-02
   6.6949e-02   1.4086e-01   1.7362e-01
   1.5112e-01   3.1795e-01   3.9192e-01
  -6.1680e-02  -1.2977e-01  -1.5996e-01
  -1.9317e-01  -4.0642e-01  -5.0098e-01
  -2.8317e-02  -5.9577e-02  -7.3437e-02
   2.8179e-03   5.9287e-03   7.3080e-03
   2.4036e-01   5.0571e-01   6.2336e-01
   1.4067e-01   2.9596e-01   3.6481e-01
   2.4574e-01   5.1702e-01   6.3731e-01
   5.0186e-01   1.0559e+00   1.3015e+00
   8.4424e-03   1.7762e-02   2.1894e-02
   2.6289e-01   5.5310e-01   6.8177e-01
   1.7277e-01   3.6350e-01   4.4806e-01
   1.4436e+00   3.0372e+00   3.7438e+00
   1.0453e+00   2.1993e+00   2.7109e+00
   3.8515e-02   8.1032e-02   9.9884e-02
   1.3932e-01   2.9312e-01   3.6132e-01
   5.1984e-01   1.0937e+00   1.3481e+00
   2.3217e-01   4.8847e-01   6.0210e-01
   3.8875e-01   8.1790e-01   1.0082e+00
  -4.5138e-02  -9.4967e-02  -1.1706e-01
   4.7478e-02   9.9889e-02   1.2313e-01
   3.9319e-02   8.2723e-02   1.0197e-01
   9.1730e-01   1.9299e+00   2.3789e+00
  -4.6257e-01  -9.7321e-01  -1.1996e+00
   3.3217e-01   6.9886e-01   8.6144e-01
   1.8722e-01   3.9389e-01   4.8552e-01
   2.4353e-02   5.1238e-02   6.3158e-02
   4.4700e-01   9.4045e-01   1.1592e+00
  -9.4120e-02  -1.9802e-01  -2.4409e-01
   7.8978e-01   1.6616e+00   2.0482e+00
   5.5277e-03   1.1630e-02   1.4335e-02
   1.0581e+00   2.2261e+00   2.7440e+00
   5.8299e-01   1.2266e+00   1.5119e+00
  -1.7546e-01  -3.6916e-01  -4.5504e-01
  -1.4339e-01  -3.0168e-01  -3.7186e-01
   1.6564e+00   3.4849e+00   4.2957e+00
   1.1383e-01   2.3948e-01   2.9520e-01
  -6.6654e-03  -1.4023e-02  -1.7286e-02
  -1.9375e-02  -4.0763e-02  -5.0246e-02
   5.9805e-02   1.2582e-01   1.5510e-01
   8.8949e-01   1.8714e+00   2.3068e+00
   2.0097e-03   4.2283e-03   5.2120e-03
   6.9018e-02   1.4521e-01   1.7899e-01
   5.1077e-03   1.0746e-02   1.3246e-02
   3.9856e-03   8.3854e-03   1.0336e-02
   2.7391e-01   5.7629e-01   7.1036e-01
  -2.1075e-02  -4.4340e-02  -5.4655e-02
   2.5951e-01   5.4600e-01   6.7302e-01
   4.5609e-01   9.5958e-01   1.1828e+00
   1.2047e-01   2.5346e-01   3.1242e-01
   1.1012e-02   2.3167e-02   2.8557e-02
   6.3467e-01   1.3353e+00   1.6459e+00
   7.4391e-01   1.5651e+00   1.9292e+00
  -1.4602e-02  -3.0721e-02  -3.7868e-02
  -3.5348e-01  -7.4369e-01  -9.1670e-01
   4.7514e-03   9.9966e-03   1.2322e-02
   7.0602e-01   1.4854e+00   1.8310e+00
  -2.0874e-02  -4.3917e-02  -5.4133e-02
   2.0369e+00   4.2855e+00   5.2825e+00
  -1.0288e-01  -2.1646e-01  -2.6682e-01
   1.3314e-01   2.8012e-01   3.4529e-01
   8.3787e-02   1.7628e-01   2.1729e-01
   4.4019e-01   9.2612e-01   1.1416e+00
   9.0948e-02   1.9135e-01   2.3586e-01
   4.7397e-03   9.9719e-03   1.2292e-02
   1.9180e+00   4.0352e+00   4.9740e+00
   1.1789e-01   2.4803e-01   3.0573e-01
   3.7732e-01   7.9385e-01   9.7853e-01
   1.7969e-01   3.7804e-01   4.6599e-01
   3.7180e-01   7.8225e-01   9.6423e-01
   3.2619e-02   6.8628e-02   8.4593e-02
   1.7818e-01   3.7488e-01   4.6209e-01
  -4.1640e-02  -8.7607e-02  -1.0799e-01
  -2.5412e-02  -5.3466e-02  -6.5904e-02
   3.2473e-02   6.8320e-02   8.4214e-02
   1.5664e+00   3.2956e+00   4.0623e+00
   1.0311e-01   2.1694e-01   2.6741e-01
  -3.7120e-02  -7.8097e-02  -9.6266e-02
  -1.8172e-02  -3.8232e-02  -4.7126e-02
   2.3558e-01   4.9565e-01   6.1096e-01
   1.9181e+00   4.0355e+00   4.9743e+00
   6.4792e-01   1.3632e+00   1.6803e+00
   2.4585e-01   5.1724e-01   6.3758e-01
   1.8253e-01   3.8403e-01   4.7337e-01
   1.2064e-02   2.5382e-02   3.1287e-02
  -3.1578e-03  -6.6438e-03  -8.1894e-03
  -2.1187e-02  -4.4576e-02  -5.4946e-02
   8.4545e-04   1.7788e-03   2.1926e-03
   1.4496e-01   3.0498e-01   3.7593e-01
   1.4342e+00   3.0174e+00   3.7193e+00
   1.9047e-01   4.0074e-01   4.9397e-01
   3.0991e-03   6.5203e-03   8.0372e-03
  -4.8281e-02  -1.0158e-01  -1.2521e-01
   6.1056e-01   1.2846e+00   1.5834e+00
   8.2858e-01   1.7433e+00   2.1488e+00
   3.7623e-01   7.9155e-01   9.7570e-01
   9.8914e-02   2.0811e-01   2.5652e-01
  -7.8248e-02  -1.6463e-01  -2.0293e-01
   7.5104e-01   1.5801e+00   1.9477e+00
   6.5899e-01   1.3865e+00   1.7090e+00
   9.6742e-01   2.0354e+00   2.5089e+00
   1.0616e-01   2.2335e-01   2.7532e-01
   3.3775e-01   7.1060e-01   8.7592e-01
  -9.8441e-02  -2.0711e-01  -2.5529e-01
   2.3995e-01   5.0483e-01   6.2228e-01
   1.7626e+00   3.7083e+00   4.5710e+00
   2.0818e-01   4.3799e-01   5.3988e-01
  -4.3480e-01  -9.1479e-01  -1.1276e+00
   5.0579e-01   1.0641e+00   1.3117e+00
  -4.2470e-02  -8.9354e-02  -1.1014e-01
   3.4294e-02   7.2152e-02   8.8938e-02
   1.4800e-02   3.1138e-02   3.8382e-02
   4.0996e-03   8.6252e-03   1.0632e-02
   9.5478e-03   2.0088e-02   2.4761e-02
   7.4310e-01   1.5634e+00   1.9271e+00
   4.2108e-02   8.8591e-02   1.0920e-01
   3.1462e-01   6.6194e-01   8.1593e-01
   6.2801e-02   1.3213e-01   1.6287e-01
  -1.9452e-01  -4.0925e-01  -5.0446e-01
   3.4652e-01   7.2905e-01   8.9866e-01
   8.3789e-02   1.7628e-01   2.1730e-01
   1.5220e+00   3.2022e+00   3.9472e+00
   7.9639e-01   1.6755e+00   2.0653e+00
   8.6798e-01   1.8262e+00   2.2510e+00
   8.0171e-01   1.6867e+00   2.0791e+00
   1.4310e-01   3.0108e-01   3.7112e-01
  -6.4364e-02  -1.3542e-01  -1.6692e-01
  -3.9824e-02  -8.3787e-02  -1.0328e-01
   2.1830e-01   4.5929e-01   5.6614e-01
   1.8226e-02   3.8347e-02   4.7268e-02
   3.3059e-04   6.9553e-04   8.5734e-04
   1.8593e-01   3.9119e-01   4.8220e-01
   5.7469e-03   1.2091e-02   1.4904e-02
  -4.9920e-03  -1.0503e-02  -1.2946e-02
  -1.4829e-03  -3.1198e-03  -3.8457e-03
   1.5232e-01   3.2046e-01   3.9501e-01
   7.2833e-03   1.5323e-02   1.8888e-02
  -3.5219e-01  -7.4098e-01  -9.1336e-01
   2.9472e-01   6.2007e-01   7.6432e-01
   3.2626e-01   6.8642e-01   8.4611e-01
   1.8050e-01   3.7976e-01   4.6811e-01
   1.3351e+00   2.8090e+00   3.4624e+00
  -2.3359e-02  -4.9146e-02  -6.0580e-02
   2.8559e+00   6.0085e+00   7.4064e+00
  -5.3787e-02  -1.1316e-01  -1.3949e-01
   7.1626e-01   1.5070e+00   1.8575e+00
   5.3253e-01   1.1204e+00   1.3810e+00
   3.6697e-01   7.7207e-01   9.5169e-01
   3.0282e-01   6.3711e-01   7.8533e-01
   2.3969e-03   5.0428e-03   6.2160e-03
   8.6362e-01   1.8170e+00   2.2397e+00
  -5.0922e-02  -1.0714e-01  -1.3206e-01
   8.7829e-01   1.8479e+00   2.2778e+00
  -2.5747e-02  -5.4171e-02  -6.6773e-02
   8.9018e-01   1.8729e+00   2.3086e+00
  -9.1979e-02  -1.9352e-01  -2.3854e-01
  -6.3945e-05  -1.3454e-04  -1.6583e-04
  -1.5898e-01  -3.3448e-01  -4.1229e-01
   4.0169e-03   8.4513e-03   1.0417e-02
   1.4605e+00   3.0727e+00   3.7875e+00
   2.0867e-01   4.3902e-01   5.4115e-01
   9.7920e-02   2.0602e-01   2.5395e-01
   6.3009e-01   1.3257e+00   1.6341e+00
   1.7922e-01   3.7706e-01   4.6477e-01
   2.3783e-01   5.0037e-01   6.1677e-01
  -1.5411e-01  -3.2424e-01  -3.9968e-01
   4.5851e-01   9.6467e-01   1.1891e+00
   3.6562e-01   7.6924e-01   9.4820e-01
   8.3011e-02   1.7465e-01   2.1528e-01
  -4.1279e-02  -8.6847e-02  -1.0705e-01
   1.2477e+00   2.6250e+00   3.2357e+00
   5.5573e-01   1.1692e+00   1.4412e+00
   9.1891e-01   1.9333e+00   2.3831e+00
   4.1138e-01   8.6550e-01   1.0669e+00
   5.8168e-03   1.2238e-02   1.5085e-02
   2.6540e+00   5.5838e+00   6.8828e+00
  -1.2257e-03  -2.5787e-03  -3.1787e-03
  -1.6689e-01  -3.5113e-01  -4.3282e-01
   2.4602e-01   5.1761e-01   6.3803e-01
   1.3691e+00   2.8804e+00   3.5505e+00
   1.8956e-02   3.9883e-02   4.9161e-02
   2.2818e-01   4.8007e-01   5.9175e-01
   3.9647e-04   8.3414e-04   1.0282e-03
   6.7617e-02   1.4226e-01   1.7536e-01
   2.2187e-01   4.6681e-01   5.7540e-01
   6.9011e-01   1.4519e+00   1.7897e+00
   1.0523e+00   2.2140e+00   2.7290e+00
   1.9163e-02   4.0317e-02   4.9696e-02
  -1.6378e-02  -3.4457e-02  -4.2473e-02
   5.6847e-01   1.1960e+00   1.4743e+00
   1.0557e-02   2.2210e-02   2.7377e-02
   1.7382e-02   3.6570e-02   4.5077e-02
   7.3222e-01   1.5405e+00   1.8989e+00
   1.4750e-01   3.1032e-01   3.8252e-01
  -2.4867e-02  -5.2319e-02  -6.4491e-02
   6.4545e-01   1.3580e+00   1.6739e+00
   7.3809e-02   1.5529e-01   1.9141e-01
   4.8708e-03   1.0248e-02   1.2632e-02
   7.2405e-02   1.5233e-01   1.8777e-01
   3.3454e-01   7.0384e-01   8.6759e-01
   8.1560e-02   1.7160e-01   2.1152e-01
   9.4635e-02   1.9910e-01   2.4543e-01
   7.0427e-01   1.4817e+00   1.8264e+00
   2.1751e-03   4.5763e-03   5.6409e-03
   5.6556e-02   1.1899e-01   1.4667e-01
  -1.2038e-03  -2.5327e-03  -3.1220e-03
   6.2768e-01   1.3206e+00   1.6278e+00
   7.6596e-02   1.6115e-01   1.9864e-01
  -1.6879e-02  -3.5513e-02  -4.3775e-02
   8.6917e-01   1.8287e+00   2.2541e+00
   8.8860e-01   1.8695e+00   2.3045e+00
   4.5032e-01   9.4744e-01   1.1679e+00
   2.9468e-01   6.1999e-01   7.6423e-01
   5.3090e-01   1.1170e+00   1.3768e+00
   5.0837e-01   1.0696e+00   1.3184e+00
   1.6398e-02   3.4500e-02   4.2526e-02
  -7.2536e-02  -1.5261e-01  -1.8811e-01
   5.8029e-01   1.2209e+00   1.5049e+00
   3.9402e-01   8.2898e-01   1.0218e+00
   7.4996e-01   1.5778e+00   1.9449e+00
   8.6344e-01   1.8166e+00   2.2392e+00
   8.5108e-01   1.7906e+00   2.2072e+00
   7.7803e-01   1.6369e+00   2.0177e+00
   8.9862e-01   1.8906e+00   2.3305e+00
   3.0134e-02   6.3399e-02   7.8149e-02
   1.3820e-01   2.9076e-01   3.5840e-01
   8.4282e-01   1.7732e+00   2.1857e+00
  -4.5945e-02  -9.6664e-02  -1.1915e-01
   3.4151e-01   7.1851e-01   8.8566e-01
   3.0238e-01   6.3619e-01   7.8420e-01
   1.1949e+00   2.5139e+00   3.0987e+00
  -3.0714e-01  -6.4619e-01  -7.9653e-01
   3.6657e-01   7.7124e-01   9.5066e-01
   2.6908e-01   5.6613e-01   6.9783e-01
   2.1220e-01   4.4645e-01   5.5031e-01
   3.2627e-01   6.8644e-01   8.4613e-01
  -1.4027e-01  -2.9512e-01  -3.6378e-01
  -7.6218e-02  -1.6036e-01  -1.9766e-01
   7.5002e-02   1.5780e-01   1.9451e-01
   2.4166e-01   5.0844e-01   6.2672e-01
   4.0319e-01   8.4828e-01   1.0456e+00
   1.8724e-01   3.9394e-01   4.8558e-01
  -8.9827e-02  -1.8899e-01  -2.3296e-01
   2.1819e+00   4.5905e+00   5.6585e+00
   1.3961e+00   2.9373e+00   3.6206e+00
   3.7041e-01   7.7931e-01   9.6062e-01
   5.7375e-01   1.2071e+00   1.4880e+00
   8.4725e-01   1.7826e+00   2.1973e+00
   2.5496e-01   5.3641e-01   6.6120e-01
  -4.5192e-01  -9.5080e-01  -1.1720e+00
   2.7476e-02   5.7806e-02   7.1255e-02
  -5.3756e-02  -1.1310e-01  -1.3941e-01
   4.3829e-01   9.2213e-01   1.1367e+00
   1.1665e+00   2.4543e+00   3.0253e+00
   7.4864e-02   1.5751e-01   1.9415e-01
   4.0104e-03   8.4376e-03   1.0400e-02
   1.1471e+00   2.4133e+00   2.9748e+00
   1.2582e-01   2.6471e-01   3.2629e-01
   1.4736e-01   3.1003e-01   3.8215e-01
   8.2024e-03   1.7257e-02   2.1272e-02
   8.9955e-01   1.8926e+00   2.3329e+00
  -1.1423e-01  -2.4033e-01  -2.9625e-01
  -2.6957e-01  -5.6715e-01  -6.9909e-01
   3.0698e-01   6.4585e-01   7.9611e-01
   3.4827e-03   7.3273e-03   9.0320e-03
   2.2237e-01   4.6785e-01   5.7669e-01
   2.0779e-01   4.3717e-01   5.3888e-01
   8.3742e-01   1.7619e+00   2.1718e+00
   2.8856e-01   6.0710e-01   7.4834e-01
   1.2206e-02   2.5679e-02   3.1654e-02
   7.3696e-01   1.5505e+00   1.9112e+00
   1.7157e-01   3.6098e-01   4.4496e-01
  -1.7640e-02  -3.7112e-02  -4.5746e-02
   1.1525e+00   2.4248e+00   2.9889e+00
   8.1469e-01   1.7140e+00   2.1128e+00
  -5.5531e-02  -1.1683e-01  -1.4401e-01
   3.8903e-01   8.1848e-01   1.0089e+00
  -4.4315e-02  -9.3236e-02  -1.1493e-01
   4.3689e-01   9.1919e-01   1.1330e+00
  -1.6727e-01  -3.5193e-01  -4.3380e-01
   9.3253e-03   1.9620e-02   2.4184e-02
  -2.2124e-02  -4.6548e-02  -5.7377e-02
  -4.4639e-02  -9.3916e-02  -1.1577e-01
   2.0060e-01   4.2205e-01   5.2024e-01
   6.2869e-01   1.3227e+00   1.6304e+00
   6.9770e-01   1.4679e+00   1.8094e+00
   3.0979e-01   6.5177e-01   8.0340e-01
   2.0515e-01   4.3161e-01   5.3202e-01
   1.7393e-01   3.6594e-01   4.5107e-01
   1.0827e+00   2.2779e+00   2.8078e+00
   4.4618e-01   9.3872e-01   1.1571e+00
   3.1589e-01   6.6462e-01   8.1923e-01
   2.5530e-01   5.3714e-01   6.6210e-01
   7.3326e-01   1.5427e+00   1.9016e+00
   9.0171e-02   1.8971e-01   2.3385e-01
   1.7937e-01   3.7738e-01   4.6517e-01
   3.7566e-01   7.9036e-01   9.7423e-01
   2.9241e-01   6.1521e-01   7.5833e-01
   7.3959e-01   1.5560e+00   1.9180e+00
  -1.5657e-02  -3.2940e-02  -4.0604e-02
   2.4377e-01   5.1287e-01   6.3218e-01
   7.8795e-01   1.6578e+00   2.0435e+00
   7.7492e-01   1.6304e+00   2.0097e+00
   8.0013e-03   1.6834e-02   2.0751e-02
   1.0082e-01   2.1213e-01   2.6148e-01
  -2.2057e-02  -4.6406e-02  -5.7202e-02
   5.1315e-01   1.0796e+00   1.3308e+00
   5.2475e-01   1.1040e+00   1.3609e+00
   1.4766e+00   3.1067e+00   3.8294e+00
   1.7561e-01   3.6948e-01   4.5543e-01
  -1.9827e-02  -4.1714e-02  -5.1419e-02
   2.1796e-01   4.5858e-01   5.6527e-01
   6.4941e-03   1.3663e-02   1.6842e-02
   4.2933e-04   9.0328e-04   1.1134e-03
   5.1868e-01   1.0913e+00   1.3451e+00
   8.0395e-03   1.6914e-02   2.0849e-02
   1.4913e-01   3.1375e-01   3.8674e-01
   1.2066e+00   2.5387e+00   3.1292e+00
   2.7784e-02   5.8456e-02   7.2056e-02
   4.0533e-03   8.5278e-03   1.0512e-02
   4.7139e-03   9.9176e-03   1.2225e-02
   5.5155e-03   1.1604e-02   1.4304e-02
  -1.1948e-02  -2.5137e-02  -3.0985e-02
   6.1154e-03   1.2866e-02   1.5859e-02
   1.0693e-02   2.2497e-02   2.7731e-02
   8.5641e-01   1.8018e+00   2.2210e+00
   1.2120e+00   2.5499e+00   3.1431e+00
   1.1225e+00   2.3617e+00   2.9111e+00
   4.9190e-02   1.0349e-01   1.2757e-01
   6.1695e-02   1.2980e-01   1.6000e-01
   1.5900e-01   3.3452e-01   4.1235e-01
   1.8899e+00   3.9761e+00   4.9011e+00
   5.1922e-04   1.0924e-03   1.3465e-03
   8.0494e-02   1.6935e-01   2.0875e-01
   6.9394e-01   1.4600e+00   1.7996e+00
   3.7966e-01   7.9877e-01   9.8460e-01
   4.8090e-01   1.0118e+00   1.2472e+00
   6.8964e-03   1.4509e-02   1.7885e-02
   7.5397e-03   1.5863e-02   1.9553e-02
  -4.0394e-05  -8.4985e-05  -1.0476e-04
   4.5554e-03   9.5842e-03   1.1814e-02
   8.2647e-01   1.7388e+00   2.1434e+00
   4.3013e-02   9.0496e-02   1.1155e-01
  -4.0836e-03  -8.5916e-03  -1.0590e-02
  -2.9762e-04  -6.2616e-04  -7.7184e-04
  -4.0334e-01  -8.4860e-01  -1.0460e+00
   1.9528e+00   4.1086e+00   5.0644e+00
   5.5604e-01   1.1699e+00   1.4420e+00
   2.9490e-02   6.2044e-02   7.6478e-02
   1.6554e+00   3.4829e+00   4.2932e+00
   4.9594e-01   1.0434e+00   1.2861e+00
   8.9140e-04   1.8754e-03   2.3117e-03
   9.8868e-01   2.0801e+00   2.5640e+00
   5.4055e-01   1.1373e+00   1.4019e+00
   1.3085e-02   2.7529e-02   3.3933e-02
   2.2017e-01   4.6322e-01   5.7098e-01
   5.6105e-01   1.1804e+00   1.4550e+00
  -1.8651e-03  -3.9241e-03  -4.8370e-03
   4.9987e-02   1.0517e-01   1.2964e-01
   9.5800e-01   2.0156e+00   2.4845e+00
   6.8859e-02   1.4487e-01   1.7858e-01
  -1.5517e-02  -3.2647e-02  -4.0242e-02
   3.3582e-02   7.0654e-02   8.7091e-02
   2.6379e-03   5.5499e-03   6.8411e-03
   3.2134e-01   6.7608e-01   8.3336e-01
   2.4724e-02   5.2018e-02   6.4120e-02
  -5.5786e-06  -1.1737e-05  -1.4467e-05
  -9.2710e-03  -1.9505e-02  -2.4043e-02
   1.1669e-01   2.4550e-01   3.0261e-01
  -5.3656e-02  -1.1289e-01  -1.3915e-01
   3.4893e-02   7.3411e-02   9.0490e-02
  -9.4364e-04  -1.9854e-03  -2.4472e-03
   4.1542e-02   8.7402e-02   1.0774e-01
   1.7358e-02   3.6520e-02   4.5016e-02
   3.3753e-03   7.1013e-03   8.7533e-03
   9.6070e-01   2.0212e+00   2.4915e+00
   1.3804e-03   2.9042e-03   3.5799e-03
   4.2099e-03   8.8573e-03   1.0918e-02
   6.0896e-01   1.2812e+00   1.5793e+00
   1.0052e-01   2.1150e-01   2.6070e-01
   2.5238e-02   5.3100e-02   6.5453e-02
   4.0110e-01   8.4388e-01   1.0402e+00
   6.8078e-01   1.4323e+00   1.7655e+00
   1.6807e-01   3.5361e-01   4.3587e-01
  -2.0739e-03  -4.3633e-03  -5.3784e-03
  -1.9366e-02  -4.0744e-02  -5.0223e-02
  -8.0068e-03  -1.6846e-02  -2.0765e-02
   3.6796e-03   7.7416e-03   9.5426e-03
  -2.7654e-03  -5.8181e-03  -7.1716e-03
   5.4184e-01   1.1400e+00   1.4052e+00
   1.8273e-02   3.8446e-02   4.7390e-02
   3.2881e-02   6.9178e-02   8.5272e-02
   2.6817e-02   5.6421e-02   6.9547e-02
  -4.0129e-04  -8.4428e-04  -1.0407e-03
   2.2820e-03   4.8012e-03   5.9182e-03
  -1.2246e-01  -2.5766e-01  -3.1760e-01
  -1.9073e-02  -4.0129e-02  -4.9465e-02
   3.4360e-01   7.2292e-01   8.9110e-01
   1.6380e-01   3.4462e-01   4.2480e-01
   6.3963e-01   1.3457e+00   1.6588e+00
   1.7327e-03   3.6454e-03   4.4935e-03
   1.9410e+00   4.0836e+00   5.0337e+00
   5.8545e-01   1.2317e+00   1.5183e+00
   4.6108e-03   9.7008e-03   1.1958e-02
   5.1719e-03   1.0881e-02   1.3413e-02
   2.1116e-04   4.4426e-04   5.4761e-04
  -8.9796e-03  -1.8892e-02  -2.3287e-02
   2.3347e-01   4.9120e-01   6.0548e-01
   7.5321e-01   1.5847e+00   1.9534e+00
   4.0551e-02   8.5316e-02   1.0516e-01
   2.1861e-01   4.5994e-01   5.6695e-01
   3.6724e-01   7.7264e-01   9.5239e-01
  -2.4223e-02  -5.0963e-02  -6.2819e-02
   3.8088e-03   8.0133e-03   9.8776e-03
   4.2776e-01   8.9998e-01   1.1094e+00
   4.6835e-01   9.8537e-01   1.2146e+00
  -2.0119e-02  -4.2329e-02  -5.2177e-02
   5.3067e-01   1.1165e+00   1.3762e+00
  -5.8132e-02  -1.2231e-01  -1.5076e-01
   3.1998e-02   6.7322e-02   8.2983e-02
   2.4228e-01   5.0973e-01   6.2832e-01
  -8.4769e-02  -1.7835e-01  -2.1984e-01
  -2.6291e-02  -5.5314e-02  -6.8182e-02
   2.7009e-02   5.6825e-02   7.0045e-02
   4.2661e-01   8.9754e-01   1.1064e+00
   8.9555e-01   1.8842e+00   2.3225e+00
   5.3200e-01   1.1193e+00   1.3797e+00
   4.3111e-03   9.0703e-03   1.1180e-02
   1.7614e-01   3.7058e-01   4.5679e-01
   8.7871e-01   1.8487e+00   2.2788e+00
  -1.1911e-01  -2.5060e-01  -3.0890e-01
   2.2731e-01   4.7824e-01   5.8950e-01
   1.1990e-01   2.5226e-01   3.1095e-01
   1.0929e-01   2.2994e-01   2.8343e-01
  -1.0503e+00  -2.2098e+00  -2.7239e+00
   7.5700e-01   1.5927e+00   1.9632e+00
   8.3500e-02   1.7568e-01   2.1655e-01
   3.7883e-01   7.9704e-01   9.8246e-01
   3.8236e-02   8.0446e-02   9.9161e-02
   2.3498e-01   4.9437e-01   6.0938e-01
   2.0709e-01   4.3571e-01   5.3707e-01
   1.0049e+00   2.1141e+00   2.6060e+00
   1.2859e-01   2.7055e-01   3.3349e-01
  -4.7155e-01  -9.9209e-01  -1.2229e+00
  -7.5767e-01  -1.5941e+00  -1.9649e+00
  -1.5920e-01  -3.3495e-01  -4.1287e-01
  -4.9739e-01  -1.0465e+00  -1.2899e+00
  -1.2734e-01  -2.6791e-01  -3.3024e-01
  -1.7811e-02  -3.7473e-02  -4.6190e-02
   4.9180e-01   1.0347e+00   1.2754e+00
  -4.0924e-01  -8.6101e-01  -1.0613e+00
   3.1239e-01   6.5725e-01   8.1016e-01
   6.2873e-01   1.3228e+00   1.6305e+00
   8.7319e-02   1.8371e-01   2.2645e-01
   2.9913e-01   6.2935e-01   7.7576e-01
   3.3090e-01   6.9620e-01   8.5816e-01
  -1.5217e-01  -3.2016e-01  -3.9464e-01
  -3.0116e-01  -6.3361e-01  -7.8101e-01
  -2.0086e-02  -4.2260e-02  -5.2092e-02
   1.1469e-02   2.4129e-02   2.9742e-02
   9.8274e-01   2.0676e+00   2.5486e+00
  -4.3365e-02  -9.1236e-02  -1.1246e-01
   1.3355e+00   2.8098e+00   3.4634e+00
   1.0061e+00   2.1167e+00   2.6091e+00
  -3.3823e-02  -7.1161e-02  -8.7717e-02
   6.5552e-02   1.3792e-01   1.7000e-01
   2.7649e-01   5.8171e-01   7.1704e-01
   1.0468e+00   2.2024e+00   2.7148e+00
   7.4144e-01   1.5599e+00   1.9228e+00
   3.0453e-01   6.4072e-01   7.8977e-01
   1.0975e+00   2.3090e+00   2.8462e+00
   7.4289e-01   1.5630e+00   1.9266e+00
   4.0753e-01   8.5742e-01   1.0569e+00
  -1.0833e-01  -2.2792e-01  -2.8094e-01
  -3.9750e-01  -8.3631e-01  -1.0309e+00
   4.2453e-01   8.9318e-01   1.1010e+00
   2.2438e+00   4.7207e+00   5.8190e+00
   1.9911e+00   4.1891e+00   5.1637e+00
   2.1877e-01   4.6028e-01   5.6736e-01
  -1.9206e-01  -4.0408e-01  -4.9809e-01
   4.2881e-01   9.0218e-01   1.1121e+00
   2.2676e-01   4.7708e-01   5.8806e-01
   9.3568e-01   1.9686e+00   2.4266e+00
   4.7442e-01   9.9815e-01   1.2304e+00
  -1.4860e-01  -3.1263e-01  -3.8536e-01
   2.7766e-01   5.8418e-01   7.2009e-01
   5.2072e-02   1.0956e-01   1.3504e-01
   1.1036e-01   2.3218e-01   2.8620e-01
   2.2042e-01   4.6375e-01   5.7164e-01
   1.7519e+00   3.6858e+00   4.5433e+00
   1.2392e-01   2.6072e-01   3.2138e-01
  -7.6570e-01  -1.6110e+00  -1.9857e+00
  -8.3710e-03  -1.7612e-02  -2.1709e-02
   2.8208e-01   5.9348e-01   7.3155e-01
   2.0664e-01   4.3475e-01   5.3589e-01
  -3.2226e-01  -6.7802e-01  -8.3576e-01
  -2.2457e-01  -4.7248e-01  -5.8240e-01
  -2.3767e-01  -5.0005e-01  -6.1638e-01
  -3.6091e-01  -7.5933e-01  -9.3598e-01
   9.4588e-02   1.9901e-01   2.4530e-01
   1.4931e-01   3.1415e-01   3.8723e-01
   1.0746e+00   2.2609e+00   2.7869e+00
   6.6215e-01   1.3931e+00   1.7172e+00
   3.9463e-03   8.3027e-03   1.0234e-02
   7.6046e-01   1.5999e+00   1.9722e+00
   2.3797e-03   5.0067e-03   6.1714e-03
   5.3992e-01   1.1360e+00   1.4002e+00
   7.0364e-01   1.4804e+00   1.8248e+00
   2.0184e-01   4.2465e-01   5.2344e-01
  -2.3003e-02  -4.8396e-02  -5.9655e-02
   2.6342e-03   5.5422e-03   6.8315e-03
  -4.3131e-02  -9.0743e-02  -1.1185e-01
  -4.2062e-04  -8.8495e-04  -1.0908e-03
   2.1602e+00   4.5449e+00   5.6023e+00
   5.0729e-01   1.0673e+00   1.3156e+00
   1.1585e-01   2.4375e-01   3.0045e-01
  -2.2370e-01  -4.7065e-01  -5.8015e-01
   2.4158e+00   5.0826e+00   6.2650e+00
   2.5817e-01   5.4317e-01   6.6953e-01
   2.5885e-01   5.4460e-01   6.7129e-01
   3.8732e-01   8.1489e-01   1.0045e+00
   6.6262e-01   1.3941e+00   1.7184e+00
  -3.9226e-02  -8.2528e-02  -1.0173e-01
   1.7552e-01   3.6927e-01   4.5518e-01
   1.4740e-01   3.1012e-01   3.8227e-01
   1.1829e-01   2.4888e-01   3.0677e-01
   2.1971e-01   4.6225e-01   5.6979e-01
   5.6315e-01   1.1848e+00   1.4605e+00
   1.4176e+00   2.9825e+00   3.6764e+00
   4.0322e-01   8.4835e-01   1.0457e+00
   9.3884e-01   1.9752e+00   2.4348e+00
   5.7101e-02   1.2014e-01   1.4809e-01
  -1.3158e-02  -2.7683e-02  -3.4123e-02
  -2.1314e-01  -4.4843e-01  -5.5276e-01
  -8.1660e-02  -1.7181e-01  -2.1178e-01
   3.8057e-01   8.0069e-01   9.8697e-01
  -2.9948e-01  -6.3008e-01  -7.7667e-01
   4.2930e-01   9.0321e-01   1.1133e+00
   5.7791e-01   1.2159e+00   1.4987e+00
   6.7554e-02   1.4213e-01   1.7519e-01
  -1.9379e-01  -4.0773e-01  -5.0258e-01
   1.9519e-01   4.1067e-01   5.0621e-01
   8.4038e-01   1.7681e+00   2.1794e+00
   2.1540e-02   4.5319e-02   5.5862e-02
   6.4322e-01   1.3533e+00   1.6681e+00
   2.6589e-03   5.5942e-03   6.8956e-03
   5.2360e-02   1.1016e-01   1.3579e-01
   1.2065e+00   2.5383e+00   3.1288e+00
   3.5080e-03   7.3807e-03   9.0977e-03
   1.7636e-01   3.7105e-01   4.5737e-01
   6.7411e-02   1.4183e-01   1.7482e-01
  -8.7963e-04  -1.8507e-03  -2.2812e-03
   6.0253e-01   1.2677e+00   1.5626e+00
   1.7348e+00   3.6498e+00   4.4989e+00
   8.5048e-01   1.7893e+00   2.2056e+00
   4.3844e-01   9.2244e-01   1.1370e+00
   7.8974e-03   1.6615e-02   2.0481e-02
   1.2333e-03   2.5948e-03   3.1984e-03
   6.7810e-02   1.4267e-01   1.7586e-01
   7.0759e-01   1.4887e+00   1.8351e+00
   2.3109e-01   4.8619e-01   5.9930e-01
  -6.7741e-03  -1.4252e-02  -1.7568e-02
   6.4659e-02   1.3604e-01   1.6769e-01
   1.4813e+00   3.1165e+00   3.8415e+00
   5.5783e-01   1.1736e+00   1.4467e+00
   5.3282e-01   1.1210e+00   1.3818e+00
   7.3505e-01   1.5465e+00   1.9063e+00
   6.6327e-01   1.3955e+00   1.7201e+00
   5.9721e-01   1.2565e+00   1.5488e+00
   4.0196e-01   8.4569e-01   1.0424e+00
   1.7247e-01   3.6286e-01   4.4728e-01
   5.5496e-01   1.1676e+00   1.4392e+00
   1.0359e+00   2.1795e+00   2.6866e+00
   3.6474e-03   7.6738e-03   9.4590e-03
   1.2942e-01   2.7229e-01   3.3564e-01
   2.2775e-03   4.7917e-03   5.9065e-03
   6.8045e-01   1.4316e+00   1.7647e+00
  -5.8567e-01  -1.2322e+00  -1.5189e+00
   2.9898e-03   6.2903e-03   7.7537e-03
  -1.6402e-02  -3.4509e-02  -4.2538e-02
   8.8748e-01   1.8672e+00   2.3016e+00
   4.9886e-02   1.0496e-01   1.2937e-01
   6.0649e-01   1.2760e+00   1.5729e+00
  -4.8008e-02  -1.0101e-01  -1.2450e-01
   1.2422e-02   2.6134e-02   3.2214e-02
   4.9793e-01   1.0476e+00   1.2913e+00
   6.8270e-03   1.4363e-02   1.7705e-02
   3.7699e-03   7.9316e-03   9.7768e-03
   2.9029e-01   6.1075e-01   7.5283e-01
   1.0626e+00   2.2357e+00   2.7558e+00
   2.9841e-01   6.2784e-01   7.7390e-01
   1.9377e-03   4.0768e-03   5.0253e-03
  -4.4415e-03  -9.3446e-03  -1.1519e-02
   2.1193e-01   4.4587e-01   5.4960e-01
  -3.8239e-02  -8.0451e-02  -9.9168e-02
  -2.1888e-02  -4.6051e-02  -5.6765e-02
   5.4074e-01   1.1377e+00   1.4023e+00
   6.9767e-01   1.4678e+00   1.8093e+00
   1.3225e-01   2.7824e-01   3.4297e-01
   7.8242e-01   1.6462e+00   2.0291e+00
   1.0614e+00   2.2332e+00   2.7527e+00
  -4.8915e-03  -1.0291e-02  -1.2685e-02
   1.1366e-01   2.3914e-01   2.9478e-01
   6.1189e-01   1.2874e+00   1.5869e+00
  -5.6584e-02  -1.1905e-01  -1.4674e-01
   2.6182e-02   5.5085e-02   6.7900e-02
  -4.1060e-02  -8.6388e-02  -1.0649e-01
   5.3402e-01   1.1235e+00   1.3849e+00
   2.2184e-01   4.6674e-01   5.7533e-01
   1.4705e-02   3.0937e-02   3.8135e-02
   4.9813e-01   1.0480e+00   1.2918e+00
   4.9425e-02   1.0399e-01   1.2818e-01
   1.3577e-02   2.8564e-02   3.5210e-02
   6.7291e-01   1.4157e+00   1.7451e+00
   6.0846e-01   1.2801e+00   1.5780e+00
   3.6756e-02   7.7332e-02   9.5322e-02
   2.9042e-01   6.1102e-01   7.5317e-01
   8.6471e-02   1.8193e-01   2.2425e-01
   1.5304e-01   3.2198e-01   3.9689e-01
  -2.0329e-01  -4.2770e-01  -5.2721e-01
  -5.7029e-02  -1.1999e-01  -1.4790e-01
  -2.2114e-03  -4.6526e-03  -5.7350e-03
   5.9903e-01   1.2603e+00   1.5535e+00
   3.4241e-01   7.2041e-01   8.8800e-01
   4.0311e-02   8.4810e-02   1.0454e-01
   8.9271e-01   1.8782e+00   2.3152e+00
   1.2539e-01   2.6381e-01   3.2519e-01
   5.8381e-02   1.2283e-01   1.5140e-01
   7.2036e-03   1.5156e-02   1.8682e-02
   1.3051e-01   2.7459e-01   3.3847e-01
   7.1846e-01   1.5116e+00   1.8632e+00
   2.0864e-01   4.3895e-01   5.4107e-01
   1.1287e+00   2.3746e+00   2.9270e+00
  -1.0758e-03  -2.2634e-03  -2.7899e-03
  -4.4356e-02  -9.3321e-02  -1.1503e-01
   1.9812e-01   4.1683e-01   5.1380e-01
   1.2258e-02   2.5790e-02   3.1790e-02
   2.1917e-01   4.6111e-01   5.6839e-01
  -7.6893e-02  -1.6178e-01  -1.9941e-01
   7.6994e-01   1.6199e+00   1.9968e+00
   2.8357e-02   5.9660e-02   7.3540e-02
  -2.5278e-02  -5.3183e-02  -6.5556e-02
   3.8816e-03   8.1666e-03   1.0067e-02
   9.0296e-01   1.8998e+00   2.3417e+00
  -4.2628e-02  -8.9687e-02  -1.1055e-01
   4.3376e-01   9.1260e-01   1.1249e+00
   5.8803e-01   1.2372e+00   1.5250e+00
   1.4293e-03   3.0071e-03   3.7067e-03
  -1.4331e-01  -3.0151e-01  -3.7165e-01
  -1.5507e-02  -3.2626e-02  -4.0217e-02
   2.9120e-03   6.1267e-03   7.5520e-03
   1.4937e-02   3.1426e-02   3.8737e-02
   4.3802e-01   9.2155e-01   1.1359e+00
   3.2501e-01   6.8380e-01   8.4288e-01
   5.5748e-02   1.1729e-01   1.4458e-01
   8.3843e-01   1.7640e+00   2.1744e+00
   8.8556e-01   1.8631e+00   2.2966e+00
   2.1709e-01   4.5673e-01   5.6299e-01
  -1.9000e-02  -3.9975e-02  -4.9275e-02
  -6.8390e-01  -1.4389e+00  -1.7736e+00
  -3.6969e-02  -7.7780e-02  -9.5874e-02
  -1.1255e-02  -2.3680e-02  -2.9189e-02
   2.5844e-02   5.4375e-02   6.7024e-02
   1.4389e-02   3.0274e-02   3.7317e-02
   2.7427e-04   5.7704e-04   7.1128e-04
  -2.1515e-01  -4.5266e-01  -5.5797e-01
   2.6162e-02   5.5042e-02   6.7847e-02
   2.3899e-03   5.0281e-03   6.1978e-03
   4.1967e-03   8.8294e-03   1.0884e-02
   6.9595e-01   1.4642e+00   1.8049e+00
  -1.8375e-02  -3.8659e-02  -4.7653e-02
   2.6924e-01   5.6646e-01   6.9824e-01
   9.9670e-02   2.0970e-01   2.5848e-01
   1.7093e-03   3.5962e-03   4.4328e-03
   9.0969e-03   1.9139e-02   2.3592e-02
  -1.2479e-01  -2.6255e-01  -3.2363e-01
   4.9523e-01   1.0419e+00   1.2843e+00
  -1.1958e-02  -2.5159e-02  -3.1013e-02
   6.2782e-01   1.3209e+00   1.6282e+00
   1.7396e+00   3.6601e+00   4.5116e+00
  -6.3762e-02  -1.3415e-01  -1.6536e-01
  -3.6087e-02  -7.5925e-02  -9.3589e-02
   4.1961e-03   8.8283e-03   1.0882e-02
   1.7300e-03   3.6397e-03   4.4864e-03
  -2.6935e-01  -5.6668e-01  -6.9852e-01
   5.4461e-01   1.1458e+00   1.4124e+00
   9.3259e-02   1.9621e-01   2.4186e-01
  -9.4930e-02  -1.9973e-01  -2.4619e-01
   5.3264e-01   1.1206e+00   1.3813e+00
  -1.3321e-05  -2.8026e-05  -3.4546e-05
   1.6213e+00   3.4110e+00   4.2045e+00
  -2.6904e-03  -5.6603e-03  -6.9772e-03
  -1.1140e-01  -2.3437e-01  -2.8890e-01
   2.7502e-02   5.7861e-02   7.1322e-02
   1.8531e-01   3.8988e-01   4.8058e-01
  -1.5410e-02  -3.2421e-02  -3.9964e-02
  -2.0423e-02  -4.2968e-02  -5.2964e-02
   2.8396e-02   5.9742e-02   7.3641e-02
   1.1843e+00   2.4917e+00   3.0713e+00
   1.9889e-02   4.1846e-02   5.1581e-02
   2.3828e-01   5.0133e-01   6.1796e-01
   6.2361e-03   1.3120e-02   1.6173e-02
   8.9540e-02   1.8839e-01   2.3221e-01
   7.0100e-01   1.4749e+00   1.8180e+00
  -1.9497e-01  -4.1021e-01  -5.0564e-01
   9.8710e-02   2.0768e-01   2.5599e-01
   1.2815e-01   2.6961e-01   3.3233e-01
  -5.0392e-02  -1.0602e-01  -1.3069e-01
   3.4931e-01   7.3491e-01   9.0589e-01
   2.5754e+00   5.4185e+00   6.6791e+00
   8.2485e-02   1.7354e-01   2.1392e-01
  -4.0499e-03  -8.5206e-03  -1.0503e-02
   8.2014e-01   1.7255e+00   2.1269e+00
  -1.7967e-01  -3.7802e-01  -4.6596e-01
   4.7776e-02   1.0052e-01   1.2390e-01
  -2.2703e-02  -4.7765e-02  -5.8877e-02
  -5.0126e-02  -1.0546e-01  -1.2999e-01
  -1.8899e-01  -3.9763e-01  -4.9013e-01
   2.2896e-01   4.8172e-01   5.9379e-01
   4.5491e-01   9.5710e-01   1.1798e+00
  -3.3935e-02  -7.1396e-02  -8.8006e-02
   1.4250e-01   2.9980e-01   3.6955e-01
   2.0299e-02   4.2708e-02   5.2644e-02
   8.4990e-01   1.7881e+00   2.2041e+00
  -4.1007e-02  -8.6276e-02  -1.0635e-01
   3.5898e-01   7.5527e-01   9.3098e-01
   1.1447e+00   2.4084e+00   2.9686e+00
  -8.9895e-03  -1.8913e-02  -2.3313e-02
   1.7213e-02   3.6215e-02   4.4640e-02
   4.9654e-02   1.0447e-01   1.2877e-01
   1.0142e+00   2.1338e+00   2.6302e+00
   1.2184e-01   2.5633e-01   3.1596e-01
   6.0419e-02   1.2712e-01   1.5669e-01
  -1.4861e-02  -3.1267e-02  -3.8541e-02
  -1.8178e-02  -3.8244e-02  -4.7141e-02
  -3.6306e-02  -7.6385e-02  -9.4156e-02
   1.2243e-02   2.5759e-02   3.1752e-02
  -4.7316e-03  -9.9548e-03  -1.2271e-02
   5.4351e-02   1.1435e-01   1.4095e-01
  -2.0105e-02  -4.2299e-02  -5.2139e-02
   1.5726e-01   3.3086e-01   4.0783e-01
   3.6471e-01   7.6732e-01   9.4583e-01
  -1.8692e-03  -3.9326e-03  -4.8475e-03
  -4.3427e-01  -9.1368e-01  -1.1262e+00
   2.5575e-03   5.3807e-03   6.6325e-03
   3.0786e-01   6.4771e-01   7.9840e-01
   5.4269e-01   1.1418e+00   1.4074e+00
   4.9875e-02   1.0493e-01   1.2934e-01
   1.6063e-01   3.3794e-01   4.1656e-01
   4.1265e-01   8.6819e-01   1.0702e+00
   2.8694e-01   6.0370e-01   7.4414e-01
   1.1139e-03   2.3436e-03   2.8888e-03
  -6.7399e-03  -1.4180e-02  -1.7479e-02
   8.1492e-02   1.7145e-01   2.1134e-01
   3.8991e-02   8.2035e-02   1.0112e-01
   2.5429e-01   5.3500e-01   6.5947e-01
   5.2055e-01   1.0952e+00   1.3500e+00
   6.8309e-01   1.4372e+00   1.7715e+00
  -9.8304e-03  -2.0682e-02  -2.5494e-02
  -1.1978e-03  -2.5200e-03  -3.1063e-03
  -1.8179e-01  -3.8246e-01  -4.7144e-01
   2.8995e-03   6.1003e-03   7.5195e-03
   1.2187e-02   2.5641e-02   3.1607e-02
   2.4914e-02   5.2418e-02   6.4613e-02
   2.9652e-02   6.2386e-02   7.6899e-02
   6.7456e-01   1.4192e+00   1.7494e+00
  -3.5795e-02  -7.5309e-02  -9.2829e-02
   4.0309e-01   8.4807e-01   1.0454e+00
  -2.0987e-02  -4.4154e-02  -5.4426e-02
   5.8746e-01   1.2360e+00   1.5235e+00
   8.5055e-01   1.7895e+00   2.2058e+00
   8.7792e-01   1.8471e+00   2.2768e+00
   2.5118e-02   5.2847e-02   6.5142e-02
   3.6274e-01   7.6318e-01   9.4072e-01
  -1.2655e+00  -2.6625e+00  -3.2819e+00
   1.3772e-02   2.8976e-02   3.5717e-02
   1.3290e-03   2.7960e-03   3.4465e-03
   2.5072e-01   5.2749e-01   6.5020e-01
   5.5481e-02   1.1673e-01   1.4388e-01
   6.5591e-02   1.3800e-01   1.7010e-01
   5.1700e-01   1.0877e+00   1.3408e+00
  -1.2386e-02  -2.6059e-02  -3.2121e-02
   1.2893e-03   2.7125e-03   3.3436e-03
   7.1258e-01   1.4992e+00   1.8480e+00
   3.9031e-01   8.2118e-01   1.0122e+00
  -4.3823e-02  -9.2201e-02  -1.1365e-01
   2.6477e-02   5.5706e-02   6.8666e-02
   6.8658e-01   1.4445e+00   1.7806e+00
   1.0264e+00   2.1595e+00   2.6619e+00
  -3.3939e-05  -7.1405e-05  -8.8016e-05
  -4.6857e-03  -9.8583e-03  -1.2152e-02
  -5.1094e-02  -1.0750e-01  -1.3251e-01
   1.2542e+00   2.6387e+00   3.2525e+00
   6.8120e-03   1.4332e-02   1.7666e-02
   1.3889e+00   2.9222e+00   3.6020e+00
  -1.0814e-02  -2.2751e-02  -2.8044e-02
   5.3286e-01   1.1211e+00   1.3819e+00
   2.4210e-01   5.0935e-01   6.2785e-01
   7.3723e-01   1.5511e+00   1.9119e+00
   1.4187e-01   2.9848e-01   3.6793e-01
  -4.2658e-01  -8.9749e-01  -1.1063e+00
  -2.0387e-01  -4.2892e-01  -5.2871e-01
   7.0539e-01   1.4841e+00   1.8293e+00
   4.7747e-01   1.0046e+00   1.2383e+00
  -2.5777e-02  -5.4232e-02  -6.6849e-02
   2.4839e-01   5.2259e-01   6.4417e-01
  -1.6917e-03  -3.5591e-03  -4.3871e-03
   6.2506e-01   1.3151e+00   1.6210e+00
   5.9501e-02   1.2518e-01   1.5431e-01
   6.0449e-03   1.2718e-02   1.5677e-02
   9.8684e-03   2.0762e-02   2.5592e-02
   4.7857e-02   1.0069e-01   1.2411e-01
  -1.6871e-02  -3.5495e-02  -4.3753e-02
  -2.8915e-03  -6.0836e-03  -7.4989e-03
   3.4103e-03   7.1751e-03   8.8443e-03
   1.5530e-02   3.2674e-02   4.0275e-02
   2.0094e-04   4.2277e-04   5.2112e-04
   1.1018e+00   2.3182e+00   2.8575e+00
  -5.4410e-02  -1.1447e-01  -1.4111e-01
   2.2337e-03   4.6995e-03   5.7929e-03
   5.0875e-03   1.0704e-02   1.3194e-02
   5.8392e-01   1.2285e+00   1.5143e+00
   3.4656e-01   7.2913e-01   8.9875e-01
   3.9704e-01   8.3534e-01   1.0297e+00
   6.1274e-01   1.2892e+00   1.5891e+00
   1.4047e-01   2.9553e-01   3.6428e-01
   4.2776e-02   8.9998e-02   1.1093e-01
   4.0159e-01   8.4492e-01   1.0415e+00
   3.4834e-01   7.3288e-01   9.0338e-01
  -3.6407e-01  -7.6598e-01  -9.4418e-01
  -6.5484e-03  -1.3777e-02  -1.6982e-02
   4.2148e-02   8.8675e-02   1.0931e-01
   3.6549e-03   7.6897e-03   9.4786e-03
  -9.9125e-02  -2.0855e-01  -2.5707e-01
   3.8519e-01   8.1041e-01   9.9895e-01
   2.6259e-01   5.5246e-01   6.8098e-01
   2.9540e-01   6.2150e-01   7.6609e-01
   4.6457e-01   9.7743e-01   1.2048e+00
  -2.4006e-02  -5.0506e-02  -6.2256e-02
   2.7553e-01   5.7970e-01   7.1456e-01
   8.0822e-05   1.7004e-04   2.0960e-04
   2.4407e-02   5.1351e-02   6.3297e-02
   4.7559e-03   1.0006e-02   1.2334e-02
   1.1324e-01   2.3825e-01   2.9368e-01
  -3.0092e-03  -6.3311e-03  -7.8040e-03
  -1.1459e-03  -2.4109e-03  -2.9717e-03
  -1.4467e-03  -3.0437e-03  -3.7518e-03
  -1.5001e-03  -3.1562e-03  -3.8904e-03
   3.6284e-02   7.6339e-02   9.4099e-02
  -5.1974e-03  -1.0935e-02  -1.3479e-02
   1.2310e-02   2.5899e-02   3.1924e-02
  -3.8192e-01  -8.0352e-01  -9.9046e-01
  -1.7531e-02  -3.6883e-02  -4.5463e-02
   1.7864e-01   3.7585e-01   4.6329e-01
   7.8280e-03   1.6469e-02   2.0301e-02
   4.4380e-02   9.3371e-02   1.1509e-01
   3.9967e-02   8.4088e-02   1.0365e-01
   1.5034e-01   3.1631e-01   3.8989e-01
   6.8916e-02   1.4499e-01   1.7873e-01
   3.3409e-03   7.0289e-03   8.6641e-03
   9.0210e-01   1.8979e+00   2.3395e+00
   1.7755e-01   3.7354e-01   4.6044e-01
   6.7355e-02   1.4171e-01   1.7468e-01
  -2.7202e-02  -5.7231e-02  -7.0545e-02
   1.1917e-03   2.5073e-03   3.0906e-03
  -1.5858e-02  -3.3363e-02  -4.1125e-02
  -3.8883e-02  -8.1806e-02  -1.0084e-01
   3.4885e-03   7.3395e-03   9.0470e-03
  -2.4750e-03  -5.2072e-03  -6.4187e-03
   5.0062e-02   1.0533e-01   1.2983e-01
   5.1101e-03   1.0751e-02   1.3252e-02
  -3.0393e-03  -6.3945e-03  -7.8821e-03
   3.2826e-04   6.9063e-04   8.5130e-04
  -7.0703e-02  -1.4875e-01  -1.8336e-01
   3.9922e-03   8.3992e-03   1.0353e-02
   1.5647e-03   3.2921e-03   4.0579e-03
   2.0048e-01   4.2179e-01   5.1992e-01
   2.5239e-02   5.3100e-02   6.5453e-02
   6.4543e-03   1.3579e-02   1.6738e-02
   4.3187e-01   9.0863e-01   1.1200e+00
  -4.6330e-03  -9.7476e-03  -1.2015e-02
   2.8488e-01   5.9936e-01   7.3879e-01
   6.6776e-03   1.4049e-02   1.7318e-02
   4.7117e-03   9.9131e-03   1.2219e-02
   9.7743e-01   2.0564e+00   2.5348e+00
  -3.2756e-02  -6.8916e-02  -8.4949e-02
   8.8782e-01   1.8679e+00   2.3025e+00
   1.1971e+00   2.5186e+00   3.1046e+00
   8.7303e-04   1.8368e-03   2.2641e-03
   2.9165e-03   6.1361e-03   7.5637e-03
   1.0755e+00   2.2627e+00   2.7891e+00
  -5.5459e-02  -1.1668e-01  -1.4383e-01
  -3.9316e-02  -8.2719e-02  -1.0196e-01
   1.0328e-03   2.1730e-03   2.6785e-03
  -8.2550e-01  -1.7368e+00  -2.1408e+00
   4.7177e-01   9.9257e-01   1.2235e+00
   1.5399e+00   3.2399e+00   3.9936e+00
   2.2355e-01   4.7032e-01   5.7974e-01
  -3.9421e-03  -8.2939e-03  -1.0223e-02
   2.6375e-01   5.5491e-01   6.8401e-01
  -2.3062e-03  -4.8521e-03  -5.9809e-03
   1.1119e-03   2.3394e-03   2.8836e-03
   1.4906e-01   3.1362e-01   3.8658e-01
   1.8736e-02   3.9419e-02   4.8589e-02
   3.4048e-01   7.1634e-01   8.8299e-01
  -4.7263e-02  -9.9438e-02  -1.2257e-01
   6.1526e-03   1.2945e-02   1.5956e-02
   1.8736e-01   3.9419e-01   4.8589e-01
   3.5233e-03   7.4127e-03   9.1372e-03
   2.1635e-02   4.5519e-02   5.6109e-02
   9.6271e-01   2.0255e+00   2.4967e+00
   1.2383e-01   2.6053e-01   3.2114e-01
   4.3246e-01   9.0986e-01   1.1215e+00
   2.9791e-03   6.2678e-03   7.7260e-03
  -3.8811e-03  -8.1656e-03  -1.0065e-02
  -1.4516e-01  -3.0541e-01  -3.7647e-01
  -1.3365e-03  -2.8118e-03  -3.4660e-03
  -2.2687e-03  -4.7731e-03  -5.8836e-03
   6.6108e-03   1.3909e-02   1.7144e-02
   1.8152e-02   3.8191e-02   4.7076e-02
  -4.5125e-03  -9.4940e-03  -1.1703e-02
   1.7346e-03   3.6495e-03   4.4986e-03
   7.7380e-01   1.6280e+00   2.0068e+00
   3.1484e-03   6.6241e-03   8.1651e-03
   1.4357e-03   3.0205e-03   3.7232e-03
   2.5147e-03   5.2908e-03   6.5217e-03
   5.4411e-01   1.1448e+00   1.4111e+00
   1.4373e-02   3.0239e-02   3.7274e-02
  -3.4193e-03  -7.1939e-03  -8.8675e-03
   4.6342e-03   9.7500e-03   1.2018e-02
  -3.1922e-02  -6.7162e-02  -8.2786e-02
   3.6703e-03   7.7220e-03   9.5185e-03
   3.5476e-01   7.4639e-01   9.2003e-01
   9.1135e-01   1.9174e+00   2.3635e+00
   1.4593e-02   3.0704e-02   3.7846e-02
  -1.7276e-02  -3.6348e-02  -4.4804e-02
  -3.5929e-03  -7.5591e-03  -9.3177e-03
  -1.9575e-04  -4.1184e-04  -5.0765e-04
   5.7107e-03   1.2015e-02   1.4810e-02
  -2.6158e-02  -5.5033e-02  -6.7836e-02
  -2.3147e-04  -4.8700e-04  -6.0029e-04
   3.3782e-01   7.1074e-01   8.7609e-01
   6.7205e-03   1.4139e-02   1.7429e-02
  -3.0861e-03  -6.4928e-03  -8.0034e-03
   1.1189e-01   2.3542e-01   2.9019e-01
  -4.3586e-03  -9.1701e-03  -1.1304e-02
  -2.5739e-02  -5.4152e-02  -6.6751e-02
  -8.3744e-02  -1.7619e-01  -2.1718e-01
  -6.7435e-03  -1.4188e-02  -1.7488e-02
   6.3533e-01   1.3367e+00   1.6476e+00
   1.2659e-01   2.6634e-01   3.2830e-01
   3.8667e-03   8.1353e-03   1.0028e-02
   5.5632e-02   1.1704e-01   1.4427e-01
   3.6267e-01   7.6304e-01   9.4055e-01
   2.9280e-02   6.1603e-02   7.5935e-02
  -8.1113e-03  -1.7066e-02  -2.1036e-02
   3.0929e-03   6.5071e-03   8.0210e-03
   1.2583e-01   2.6474e-01   3.2633e-01
   2.1052e-01   4.4292e-01   5.4596e-01
  -1.5404e-01  -3.2410e-01  -3.9950e-01
   9.0035e-02   1.8943e-01   2.3350e-01
   5.0791e-01   1.0686e+00   1.3172e+00
   5.9319e-03   1.2480e-02   1.5384e-02
   3.9104e-01   8.2272e-01   1.0141e+00
   5.3407e-01   1.1236e+00   1.3850e+00
  -9.7661e-01  -2.0547e+00  -2.5327e+00
   9.1483e-01   1.9247e+00   2.3725e+00
   2.3067e-01   4.8530e-01   5.9820e-01
   8.6929e-02   1.8289e-01   2.2544e-01
   1.0165e+00   2.1386e+00   2.6362e+00
   4.7781e-02   1.0053e-01   1.2392e-01
   9.2378e-01   1.9436e+00   2.3957e+00
   6.1566e-01   1.2953e+00   1.5966e+00
   3.2630e-01   6.8652e-01   8.4623e-01
   3.4145e-01   7.1839e-01   8.8552e-01
   6.9591e-02   1.4641e-01   1.8048e-01
   1.0730e-01   2.2574e-01   2.7826e-01
   4.0130e-01   8.4430e-01   1.0407e+00
  -2.4136e-01  -5.0779e-01  -6.2593e-01
   3.8835e-01   8.1705e-01   1.0071e+00
   6.3967e-02   1.3458e-01   1.6589e-01
   3.4587e-01   7.2767e-01   8.9696e-01
   3.6661e-01   7.7131e-01   9.5075e-01
  -1.4986e-01  -3.1530e-01  -3.8865e-01
   3.0858e-02   6.4923e-02   8.0027e-02
  -5.8720e-01  -1.2354e+00  -1.5228e+00
   3.6165e-01   7.6089e-01   9.3790e-01
   2.9404e-01   6.1863e-01   7.6255e-01
   8.5066e-01   1.7897e+00   2.2061e+00
  -6.5224e-02  -1.3723e-01  -1.6915e-01
   4.7955e-01   1.0089e+00   1.2437e+00
  -1.6842e-01  -3.5433e-01  -4.3676e-01
  -2.6407e-01  -5.5559e-01  -6.8485e-01
   2.2385e+00   4.7096e+00   5.8052e+00
  -6.2216e-01  -1.3090e+00  -1.6135e+00
   1.6890e+00   3.5535e+00   4.3802e+00
   1.2586e+00   2.6481e+00   3.2642e+00
   2.8266e-02   5.9470e-02   7.3305e-02
   3.3829e-01   7.1174e-01   8.7733e-01
   1.2408e+00   2.6105e+00   3.2179e+00
   7.2208e-01   1.5192e+00   1.8726e+00
   2.5380e+00   5.3397e+00   6.5819e+00
   1.8417e-01   3.8748e-01   4.7762e-01
   2.5032e-01   5.2664e-01   6.4916e-01
   1.0845e-01   2.2816e-01   2.8124e-01
   1.0287e+00   2.1644e+00   2.6679e+00
   8.0223e-03   1.6878e-02   2.0805e-02
   1.4104e-01   2.9674e-01   3.6577e-01
   2.8358e-01   5.9663e-01   7.3543e-01
  -3.5265e-02  -7.4194e-02  -9.1454e-02
   4.3753e-01   9.2052e-01   1.1347e+00
  -2.1243e-01  -4.4694e-01  -5.5092e-01
   6.0270e-01   1.2680e+00   1.5630e+00
  -1.8194e-02  -3.8278e-02  -4.7183e-02
   2.6448e-01   5.5644e-01   6.8589e-01
   2.5054e-02   5.2713e-02   6.4976e-02
   1.7090e+00   3.5956e+00   4.4321e+00
   4.4070e-03   9.2719e-03   1.1429e-02
   6.9983e-02   1.4724e-01   1.8149e-01
  -1.1168e-02  -2.3496e-02  -2.8963e-02
   4.2929e-01   9.0320e-01   1.1133e+00
   2.1994e-02   4.6273e-02   5.7038e-02
   7.6226e-01   1.6037e+00   1.9768e+00
   4.2089e-03   8.8553e-03   1.0915e-02
   1.3572e-01   2.8554e-01   3.5197e-01
   2.0172e-02   4.2440e-02   5.2313e-02
   3.9932e-01   8.4014e-01   1.0356e+00
  -1.0957e-01  -2.3053e-01  -2.8416e-01
   1.6679e-01   3.5092e-01   4.3255e-01
   2.3417e-01   4.9268e-01   6.0730e-01
   1.2975e-01   2.7299e-01   3.3650e-01
  -1.4515e-01  -3.0537e-01  -3.7642e-01
   1.6821e-01   3.5391e-01   4.3624e-01
   1.6762e-01   3.5267e-01   4.3471e-01
  -3.3947e-02  -7.1422e-02  -8.8037e-02
   5.4481e-01   1.1462e+00   1.4129e+00
  -1.0421e-02  -2.1924e-02  -2.7025e-02
   1.5073e-01   3.1713e-01   3.9091e-01
   5.0334e-01   1.0590e+00   1.3054e+00
   3.2082e-01   6.7498e-01   8.3200e-01
   1.8417e-01   3.8748e-01   4.7763e-01
  -1.5152e-01  -3.1879e-01  -3.9295e-01
  -2.7927e-01  -5.8756e-01  -7.2426e-01
   2.4568e-01   5.1690e-01   6.3715e-01
   7.0353e-01   1.4802e+00   1.8245e+00
   8.9010e-02   1.8727e-01   2.3084e-01
   3.4778e-01   7.3170e-01   9.0192e-01
  -3.0158e-02  -6.3449e-02  -7.8210e-02
   1.9008e-01   3.9991e-01   4.9294e-01
  -1.1591e-01  -2.4386e-01  -3.0060e-01
   4.5196e-01   9.5088e-01   1.1721e+00
  -1.6318e-01  -3.4332e-01  -4.2319e-01
   1.1302e-03   2.3777e-03   2.9309e-03
   4.6724e-01   9.8303e-01   1.2117e+00
   1.5343e-01   3.2280e-01   3.9790e-01
  -2.3190e-02  -4.8790e-02  -6.0140e-02
   1.6908e-01   3.5572e-01   4.3848e-01
  -4.2137e-03  -8.8653e-03  -1.0928e-02
   2.7703e-01   5.8285e-01   7.1845e-01
   9.7897e-01   2.0597e+00   2.5388e+00
  -2.2091e-01  -4.6479e-01  -5.7292e-01
   3.6595e-01   7.6993e-01   9.4905e-01
   5.1278e-01   1.0788e+00   1.3298e+00
   2.1416e-02   4.5058e-02   5.5540e-02
   1.0885e-01   2.2902e-01   2.8230e-01
   5.3648e-01   1.1287e+00   1.3913e+00
   7.1118e-01   1.4963e+00   1.8444e+00
   2.6419e-03   5.5583e-03   6.8513e-03
  -9.2333e-02  -1.9426e-01  -2.3945e-01
  -5.4057e-03  -1.1373e-02  -1.4019e-02
   6.4994e-02   1.3674e-01   1.6856e-01
   4.4130e-03   9.2846e-03   1.1445e-02
   6.1530e-01   1.2945e+00   1.5957e+00
   7.6591e-02   1.6114e-01   1.9863e-01
   1.1075e-01   2.3300e-01   2.8721e-01
   1.0063e+00   2.1171e+00   2.6097e+00
   3.1597e-03   6.6477e-03   8.1942e-03
  -2.6051e-01  -5.4809e-01  -6.7559e-01
   4.4540e-02   9.3709e-02   1.1551e-01
   8.1197e-02   1.7083e-01   2.1058e-01
   4.2695e-03   8.9827e-03   1.1072e-02
   1.4205e+00   2.9886e+00   3.6839e+00
   3.2282e-01   6.7918e-01   8.3719e-01
   3.0766e-01   6.4729e-01   7.9788e-01
  -1.0638e+00  -2.2382e+00  -2.7589e+00
   9.7687e-02   2.0553e-01   2.5334e-01
   3.6396e-01   7.6575e-01   9.4389e-01
   1.3168e+00   2.7705e+00   3.4150e+00
  -5.1867e-03  -1.0912e-02  -1.3451e-02
   5.2213e-02   1.0985e-01   1.3541e-01
   6.1348e-01   1.2907e+00   1.5910e+00
   3.1170e-01   6.5579e-01   8.0835e-01
   5.3026e-01   1.1156e+00   1.3752e+00
  -2.7069e-02  -5.6952e-02  -7.0202e-02
  -1.0327e-02  -2.1727e-02  -2.6781e-02
   8.0199e-01   1.6873e+00   2.0799e+00
   8.4899e-02   1.7862e-01   2.2018e-01
   1.8030e-01   3.7933e-01   4.6758e-01
  -1.1016e-02  -2.3177e-02  -2.8569e-02
   2.7768e+00   5.8422e+00   7.2013e+00
   2.0362e-03   4.2840e-03   5.2807e-03
   1.6898e-01   3.5552e-01   4.3822e-01
   5.9574e-03   1.2534e-02   1.5450e-02
   2.9837e-01   6.2776e-01   7.7380e-01
   5.7597e-03   1.2118e-02   1.4937e-02
   8.1382e-02   1.7122e-01   2.1105e-01
   1.0782e-01   2.2685e-01   2.7963e-01
   1.5698e-01   3.3028e-01   4.0712e-01
   2.3481e-01   4.9402e-01   6.0895e-01
   5.5078e-02   1.1588e-01   1.4284e-01
   4.0590e-01   8.5398e-01   1.0526e+00
   1.1650e+00   2.4511e+00   3.0214e+00
   3.5283e-01   7.4233e-01   9.1503e-01
  -3.0630e-02  -6.4443e-02  -7.9435e-02
   1.1248e-02   2.3665e-02   2.9170e-02
   1.3139e-03   2.7644e-03   3.4075e-03
   1.1543e-01   2.4287e-01   2.9937e-01
   2.2229e-01   4.6769e-01   5.7649e-01
   5.1572e-02   1.0850e-01   1.3375e-01
   7.7716e-02   1.6351e-01   2.0155e-01
  -5.2745e-01  -1.1097e+00  -1.3679e+00
   2.9304e-01   6.1654e-01   7.5997e-01
   3.6795e-01   7.7415e-01   9.5425e-01
   1.1248e+00   2.3666e+00   2.9171e+00
   3.8987e-01   8.2025e-01   1.0111e+00
   4.8654e-02   1.0236e-01   1.2618e-01
   6.5343e-04   1.3748e-03   1.6946e-03
   7.1918e-01   1.5131e+00   1.8651e+00
   4.9529e-01   1.0421e+00   1.2845e+00
   5.5046e-02   1.1581e-01   1.4275e-01
   8.6845e-02   1.8271e-01   2.2522e-01
   1.0989e-01   2.3120e-01   2.8498e-01
  -5.1924e-04  -1.0924e-03  -1.3466e-03
   5.0325e-01   1.0588e+00   1.3051e+00
  -4.4412e-03  -9.3439e-03  -1.1518e-02
  -1.6562e-02  -3.4845e-02  -4.2951e-02
  -6.4141e-02  -1.3495e-01  -1.6634e-01
   2.6024e-04   5.4752e-04   6.7489e-04
   8.0724e-01   1.6984e+00   2.0935e+00
  -1.0509e-01  -2.2109e-01  -2.7253e-01
   5.6873e-01   1.1966e+00   1.4749e+00
   3.6538e-01   7.6872e-01   9.4756e-01
  -1.0483e-01  -2.2054e-01  -2.7185e-01
   2.4738e-02   5.2048e-02   6.4156e-02
   1.2251e+00   2.5774e+00   3.1771e+00
  -4.9094e-01  -1.0329e+00  -1.2732e+00
   6.3454e-01   1.3350e+00   1.6456e+00
  -4.5481e-01  -9.5688e-01  -1.1795e+00
   7.7276e-02   1.6258e-01   2.0041e-01
   1.0155e-01   2.1365e-01   2.6336e-01
  -2.7705e-02  -5.8290e-02  -7.1850e-02
  -2.5165e-01  -5.2945e-01  -6.5262e-01
  -1.1263e-01  -2.3696e-01  -2.9209e-01
  -1.2442e-01  -2.6178e-01  -3.2268e-01
   1.9995e-01   4.2069e-01   5.1855e-01
   1.4384e-03   3.0264e-03   3.7304e-03
   3.7436e-01   7.8763e-01   9.7086e-01
  -1.4529e-01  -3.0568e-01  -3.7680e-01
  -6.2291e-03  -1.3106e-02  -1.6155e-02
   4.0607e-01   8.5433e-01   1.0531e+00
  -1.9405e-02  -4.0827e-02  -5.0325e-02
  -9.9291e-01  -2.0890e+00  -2.5750e+00
   4.8263e-02   1.0154e-01   1.2517e-01
   2.7683e-03   5.8242e-03   7.1792e-03
  -6.5084e-02  -1.3693e-01  -1.6879e-01
   5.8047e-01   1.2213e+00   1.5054e+00
   3.3829e-02   7.1174e-02   8.7732e-02
   9.2410e-02   1.9442e-01   2.3965e-01
   2.0107e-03   4.2304e-03   5.2146e-03
   3.6665e-04   7.7141e-04   9.5087e-04
   1.5579e-03   3.2777e-03   4.0402e-03
   3.9740e-03   8.3610e-03   1.0306e-02
   5.5505e-02   1.1678e-01   1.4395e-01
  -4.7145e-02  -9.9189e-02  -1.2227e-01
   2.7788e-01   5.8464e-01   7.2066e-01
  -1.6915e-03  -3.5588e-03  -4.3867e-03
   5.9670e-03   1.2554e-02   1.5475e-02
   5.2791e-02   1.1107e-01   1.3691e-01
   2.8981e-01   6.0974e-01   7.5159e-01
  -3.1871e-02  -6.7053e-02  -8.2653e-02
   3.8470e-01   8.0938e-01   9.9767e-01
  -1.6847e-01  -3.5446e-01  -4.3692e-01
   1.6090e-03   3.3852e-03   4.1727e-03
  -2.7573e-01  -5.8011e-01  -7.1507e-01
  -3.9089e-02  -8.2241e-02  -1.0137e-01
   1.3328e-03   2.8042e-03   3.4565e-03
   6.0684e-02   1.2767e-01   1.5738e-01
   2.7461e-01   5.7776e-01   7.1217e-01
   1.2635e-01   2.6584e-01   3.2768e-01
   4.6537e-03   9.7910e-03   1.2069e-02
   7.8520e-01   1.6520e+00   2.0363e+00
   1.3604e-01   2.8623e-01   3.5282e-01
   6.1189e-02   1.2874e-01   1.5869e-01
   3.3692e-01   7.0885e-01   8.7376e-01
   8.7375e-02   1.8383e-01   2.2660e-01
  -1.0638e-01  -2.2381e-01  -2.7588e-01
   2.5104e-02   5.2818e-02   6.5105e-02
   1.6512e-01   3.4740e-01   4.2822e-01
   5.6887e-01   1.1969e+00   1.4753e+00
   3.9408e-01   8.2910e-01   1.0220e+00
   1.3038e-01   2.7432e-01   3.3814e-01
   3.4139e-01   7.1827e-01   8.8537e-01
  -1.9044e-02  -4.0066e-02  -4.9387e-02
   4.8063e-01   1.0112e+00   1.2465e+00
   2.4199e-01   5.0913e-01   6.2758e-01
  -2.3446e-01  -4.9329e-01  -6.0805e-01
   3.8574e-01   8.1158e-01   1.0004e+00
   9.7902e-02   2.0598e-01   2.5390e-01
   2.0644e+00   4.3433e+00   5.3538e+00
   1.1193e-01   2.3549e-01   2.9027e-01
   2.6185e-01   5.5090e-01   6.7907e-01
   2.1225e-01   4.4656e-01   5.5045e-01
  -7.8264e-03  -1.6466e-02  -2.0297e-02
  -7.0596e-03  -1.4853e-02  -1.8308e-02
   4.9435e-01   1.0401e+00   1.2820e+00
   7.5093e-01   1.5799e+00   1.9474e+00
   2.0168e-01   4.2432e-01   5.2303e-01
   1.0175e-01   2.1408e-01   2.6388e-01
   3.4867e-01   7.3358e-01   9.0424e-01
   1.6873e-02   3.5498e-02   4.3757e-02
   3.9746e-01   8.3622e-01   1.0308e+00
   5.5455e-01   1.1667e+00   1.4382e+00
   4.8414e-01   1.0186e+00   1.2556e+00
   2.7661e-01   5.8197e-01   7.1736e-01
  -5.0533e-01  -1.0632e+00  -1.3105e+00
   6.4319e-03   1.3532e-02   1.6680e-02
  -6.9301e-01  -1.4580e+00  -1.7972e+00
   9.4225e-01   1.9824e+00   2.4436e+00
   1.4108e-01   2.9682e-01   3.6587e-01
  -3.6103e-01  -7.5957e-01  -9.3628e-01
   6.5457e-01   1.3772e+00   1.6975e+00
  -8.1659e-02  -1.7180e-01  -2.1177e-01
  -2.3734e-03  -4.9934e-03  -6.1551e-03
   1.4063e-01   2.9587e-01   3.6470e-01
   3.7960e-03   7.9865e-03   9.8445e-03
   5.3533e-02   1.1263e-01   1.3883e-01
   9.5162e-01   2.0021e+00   2.4679e+00
  -1.5046e-04  -3.1656e-04  -3.9021e-04
  -2.5618e-01  -5.3899e-01  -6.6438e-01
   4.4999e-01   9.4675e-01   1.1670e+00
  -2.7008e-02  -5.6822e-02  -7.0041e-02
   7.6662e-02   1.6129e-01   1.9881e-01
  -5.8016e-01  -1.2206e+00  -1.5046e+00
   1.9204e-01   4.0404e-01   4.9803e-01
  -1.8434e-01  -3.8784e-01  -4.7807e-01
  -1.1787e-01  -2.4800e-01  -3.0569e-01
   3.2350e-01   6.8062e-01   8.3896e-01
  -2.7976e-02  -5.8860e-02  -7.2553e-02
   6.3164e-01   1.3289e+00   1.6381e+00
   4.0516e-01   8.5243e-01   1.0507e+00
   6.5254e-02   1.3729e-01   1.6923e-01
   4.5999e-03   9.6778e-03   1.1929e-02
  -1.2336e-03  -2.5953e-03  -3.1991e-03
  -3.9813e-03  -8.3764e-03  -1.0325e-02
   3.4802e-01   7.3220e-01   9.0254e-01
   2.5492e-01   5.3632e-01   6.6110e-01
  -1.4782e-01  -3.1100e-01  -3.8335e-01
   1.1199e-01   2.3562e-01   2.9044e-01
   2.8655e-02   6.0288e-02   7.4314e-02
   1.3333e-01   2.8051e-01   3.4577e-01
   1.2850e+00   2.7035e+00   3.3324e+00
   1.6587e+00   3.4897e+00   4.3016e+00
   2.7947e-01   5.8797e-01   7.2476e-01
   7.5219e-03   1.5825e-02   1.9507e-02
   3.9871e-01   8.3885e-01   1.0340e+00
  -3.6190e-01  -7.6140e-01  -9.3853e-01
   2.7626e-03   5.8124e-03   7.1646e-03
   1.2764e-01   2.6855e-01   3.3103e-01
  -8.3881e-02  -1.7648e-01  -2.1754e-01
   4.5636e-01   9.6015e-01   1.1835e+00
  -2.1740e-03  -4.5739e-03  -5.6380e-03
  -1.6678e-02  -3.5089e-02  -4.3252e-02
   1.7835e+00   3.7524e+00   4.6254e+00
  -8.0856e-01  -1.7011e+00  -2.0969e+00
   2.7152e-01   5.7126e-01   7.0416e-01
   1.9950e-02   4.1974e-02   5.1739e-02
   2.8963e-01   6.0936e-01   7.5112e-01
  -2.6079e-01  -5.4869e-01  -6.7633e-01
   2.5992e-03   5.4685e-03   6.7407e-03
   1.1210e-01   2.3585e-01   2.9072e-01
   6.2398e-02   1.3128e-01   1.6182e-01
  -3.7283e-01  -7.8441e-01  -9.6689e-01
   7.3257e-01   1.5413e+00   1.8998e+00
   9.1053e-01   1.9157e+00   2.3614e+00
   5.1968e-03   1.0934e-02   1.3477e-02
   1.1055e+00   2.3259e+00   2.8670e+00
  -1.9549e-02  -4.1129e-02  -5.0697e-02
  -2.2581e-02  -4.7510e-02  -5.8562e-02
  -6.1737e-02  -1.2989e-01  -1.6011e-01
   3.1124e-01   6.5482e-01   8.0716e-01
   3.3022e-01   6.9476e-01   8.5639e-01
   5.8907e-01   1.2394e+00   1.5277e+00
   2.4435e-01   5.1409e-01   6.3368e-01
   2.7289e-03   5.7414e-03   7.0771e-03
   4.8627e-03   1.0231e-02   1.2611e-02
   9.3215e-02   1.9612e-01   2.4174e-01
   3.8101e-01   8.0161e-01   9.8810e-01
   1.0814e+00   2.2751e+00   2.8044e+00
   3.6245e-01   7.6256e-01   9.3996e-01
   3.1488e-02   6.6248e-02   8.1659e-02
   4.7805e-01   1.0058e+00   1.2398e+00
   6.3872e-01   1.3438e+00   1.6565e+00
  -1.5149e-04  -3.1871e-04  -3.9286e-04
  -1.3216e-02  -2.7805e-02  -3.4274e-02
   1.2114e+00   2.5486e+00   3.1416e+00
   7.0346e-01   1.4800e+00   1.8243e+00
   2.3786e-01   5.0043e-01   6.1686e-01
  -2.2202e-01  -4.6711e-01  -5.7578e-01
   2.0233e-03   4.2569e-03   5.2472e-03
  -6.3328e-01  -1.3324e+00  -1.6423e+00
  -2.0516e-01  -4.3164e-01  -5.3206e-01
  -7.5067e-01  -1.5794e+00  -1.9468e+00
   2.7258e-01   5.7349e-01   7.0691e-01
   9.7400e-01   2.0492e+00   2.5260e+00
  -1.1325e-01  -2.3826e-01  -2.9369e-01
   1.6498e-01   3.4710e-01   4.2785e-01
   5.9445e-02   1.2507e-01   1.5416e-01
   1.1258e-02   2.3687e-02   2.9197e-02
  -1.2278e-01  -2.5832e-01  -3.1841e-01
  -5.6899e-02  -1.1971e-01  -1.4756e-01
  -6.4648e-02  -1.3601e-01  -1.6766e-01
   3.2631e-01   6.8653e-01   8.4625e-01
  -6.1043e-02  -1.2843e-01  -1.5831e-01
   4.4209e-02   9.3012e-02   1.1465e-01
   4.1759e-01   8.7858e-01   1.0830e+00
   1.7413e-01   3.6635e-01   4.5158e-01
   3.6030e-01   7.5805e-01   9.3440e-01
  -1.6302e-01  -3.4299e-01  -4.2278e-01
  -1.4835e-01  -3.1212e-01  -3.8474e-01
   3.2461e-02   6.8295e-02   8.4184e-02
   5.2195e-01   1.0981e+00   1.3536e+00
   1.7506e+00   3.6831e+00   4.5399e+00
   6.3619e-01   1.3385e+00   1.6499e+00
   9.4706e-01   1.9925e+00   2.4561e+00
   3.8771e-01   8.1572e-01   1.0055e+00
   6.0080e-03   1.2640e-02   1.5581e-02
   1.6342e-02   3.4382e-02   4.2381e-02
   1.6546e-01   3.4812e-01   4.2911e-01
   1.8017e-01   3.7906e-01   4.6725e-01
  -8.0555e-02  -1.6948e-01  -2.0891e-01
   2.1989e-01   4.6263e-01   5.7026e-01
   1.0326e-01   2.1725e-01   2.6779e-01
   4.5987e-01   9.6753e-01   1.1926e+00
  -4.6861e-01  -9.8592e-01  -1.2153e+00
   3.2663e-01   6.8720e-01   8.4708e-01
   8.8145e-01   1.8545e+00   2.2859e+00
   1.7830e-01   3.7512e-01   4.6239e-01
   7.7447e-02   1.6294e-01   2.0085e-01
   1.8236e-01   3.8367e-01   4.7293e-01
   1.6304e-01   3.4303e-01   4.2283e-01
  -1.5261e-01  -3.2108e-01  -3.9577e-01
  -3.7535e-01  -7.8971e-01  -9.7343e-01
   7.1634e-02   1.5071e-01   1.8577e-01
   3.3342e-01   7.0148e-01   8.6468e-01
  -2.9963e-02  -6.3040e-02  -7.7706e-02
   6.6572e-03   1.4006e-02   1.7265e-02
  -7.6949e-02  -1.6189e-01  -1.9956e-01
   3.1221e-01   6.5687e-01   8.0969e-01
   2.2114e-01   4.6525e-01   5.7349e-01
   3.3968e-01   7.1466e-01   8.8092e-01
   2.2034e-01   4.6358e-01   5.7143e-01
  -1.6978e-01  -3.5720e-01  -4.4030e-01
   5.9431e-01   1.2504e+00   1.5413e+00
  -5.4051e-01  -1.1372e+00  -1.4017e+00
   2.3613e-01   4.9680e-01   6.1238e-01
  -3.0418e-01  -6.3996e-01  -7.8885e-01
  -3.6703e-01  -7.7220e-01  -9.5184e-01
   2.5279e-01   5.3185e-01   6.5558e-01
   2.0965e-01   4.4110e-01   5.4371e-01
   2.5717e-01   5.4107e-01   6.6695e-01
   2.1295e-01   4.4803e-01   5.5226e-01
   1.7995e-01   3.7860e-01   4.6668e-01
   1.3115e-02   2.7593e-02   3.4013e-02
  -3.2746e-01  -6.8896e-01  -8.4924e-01
  -3.2485e-04  -6.8346e-04  -8.4247e-04
   4.0289e-01   8.4765e-01   1.0448e+00
   2.2802e-01   4.7974e-01   5.9134e-01
   5.4267e-01   1.1417e+00   1.4073e+00
   8.5710e-02   1.8033e-01   2.2228e-01
   5.4973e-02   1.1566e-01   1.4256e-01
   3.4467e-01   7.2515e-01   8.9385e-01
   3.0859e-01   6.4925e-01   8.0030e-01
   5.2490e-01   1.1044e+00   1.3613e+00
  -2.6257e-01  -5.5242e-01  -6.8093e-01
  -2.5472e-01  -5.3592e-01  -6.6060e-01
   1.4198e-01   2.9871e-01   3.6821e-01
   2.3727e-01   4.9920e-01   6.1534e-01
   7.8160e-01   1.6444e+00   2.0270e+00
   7.6609e-02   1.6118e-01   1.9868e-01
   3.7389e-03   7.8663e-03   9.6963e-03
  -3.4396e-02  -7.2367e-02  -8.9202e-02
   6.1527e-02   1.2945e-01   1.5956e-01
   4.0686e-01   8.5600e-01   1.0551e+00
   3.0951e-01   6.5118e-01   8.0268e-01
   2.1219e-01   4.4643e-01   5.5029e-01
  -4.9039e-02  -1.0318e-01  -1.2718e-01
  -1.1118e-01  -2.3390e-01  -2.8832e-01
   7.9500e-01   1.6726e+00   2.0617e+00
  -3.3781e-01  -7.1072e-01  -8.7606e-01
   2.0611e-01   4.3365e-01   5.3453e-01
   9.4576e-01   1.9898e+00   2.4527e+00
   4.9777e-02   1.0473e-01   1.2909e-01
  -2.1666e-02  -4.5583e-02  -5.6187e-02
   1.7670e-01   3.7175e-01   4.5824e-01
  -6.9494e-02  -1.4621e-01  -1.8023e-01
  -3.3121e-01  -6.9683e-01  -8.5894e-01
  -1.6053e-01  -3.3774e-01  -4.1632e-01
   2.2895e-01   4.8169e-01   5.9376e-01
  -8.2835e-02  -1.7428e-01  -2.1482e-01
  -4.2764e-03  -8.9972e-03  -1.1090e-02
   8.7214e-02   1.8349e-01   2.2618e-01
  -1.4128e-01  -2.9724e-01  -3.6640e-01
   7.3010e-02   1.5361e-01   1.8934e-01
   9.5931e-01   2.0183e+00   2.4879e+00
   4.8590e-01   1.0223e+00   1.2601e+00
  -4.8715e-01  -1.0249e+00  -1.2634e+00
   1.4156e-03   2.9783e-03   3.6712e-03
   2.8508e-01   5.9979e-01   7.3932e-01
   5.5300e-01   1.1635e+00   1.4341e+00
   1.1427e+00   2.4042e+00   2.9635e+00
  -3.8064e-04  -8.0084e-04  -9.8715e-04
   9.6443e-01   2.0291e+00   2.5011e+00
  -1.0523e-03  -2.2139e-03  -2.7289e-03
  -1.3131e-02  -2.7627e-02  -3.4054e-02
   1.4729e+00   3.0988e+00   3.8198e+00
   3.5686e-01   7.5081e-01   9.2548e-01
  -4.0524e-02  -8.5260e-02  -1.0510e-01
   7.5381e-01   1.5860e+00   1.9549e+00
   1.7750e-01   3.7344e-01   4.6032e-01
   2.0832e-02   4.3830e-02   5.4027e-02
  -5.0043e-03  -1.0529e-02  -1.2978e-02
   3.7958e-02   7.9861e-02   9.8440e-02
   1.3338e-04   2.8062e-04   3.4590e-04
  -1.2226e-02  -2.5723e-02  -3.1707e-02
   2.3539e-01   4.9524e-01   6.1045e-01
   1.5915e-02   3.3485e-02   4.1275e-02
  -9.7483e-03  -2.0510e-02  -2.5281e-02
  -1.7479e-03  -3.6774e-03  -4.5329e-03
   8.7342e-01   1.8376e+00   2.2651e+00
   7.9513e-01   1.6729e+00   2.0621e+00
  -6.4934e-02  -1.3662e-01  -1.6840e-01
   8.7701e-04   1.8452e-03   2.2744e-03
   1.1351e-02   2.3881e-02   2.9436e-02
  -7.0587e-01  -1.4851e+00  -1.8306e+00
   4.7870e-03   1.0071e-02   1.2415e-02
   1.0484e-01   2.2058e-01   2.7190e-01
  -6.9897e-03  -1.4706e-02  -1.8127e-02
   1.7990e-01   3.7850e-01   4.6656e-01
  -8.3319e-02  -1.7530e-01  -2.1608e-01
   3.5889e-02   7.5507e-02   9.3073e-02
  -4.3294e-01  -9.1087e-01  -1.1228e+00
  -5.2416e-02  -1.1028e-01  -1.3593e-01
   1.6916e-01   3.5591e-01   4.3871e-01
   1.6468e-01   3.4647e-01   4.2707e-01
  -4.5450e-02  -9.5624e-02  -1.1787e-01
  -6.2570e-03  -1.3164e-02  -1.6227e-02
  -5.0768e-03  -1.0681e-02  -1.3166e-02
  -2.3937e-02  -5.0361e-02  -6.2078e-02
  -6.2397e-02  -1.3128e-01  -1.6182e-01
   2.9080e-03   6.1183e-03   7.5417e-03
   1.8503e-01   3.8930e-01   4.7986e-01
   1.6987e+00   3.5740e+00   4.4054e+00
   3.5069e-03   7.3782e-03   9.0947e-03
   5.5345e-01   1.1644e+00   1.4353e+00
   1.6332e-02   3.4361e-02   4.2354e-02
  -7.4753e-02  -1.5727e-01  -1.9386e-01
  -1.2562e-02  -2.6429e-02  -3.2577e-02
   5.3157e-01   1.1184e+00   1.3786e+00
   2.7499e-02   5.7855e-02   7.1315e-02
   9.6668e-03   2.0338e-02   2.5070e-02
   1.5753e+00   3.3142e+00   4.0852e+00
  -4.2446e-03  -8.9302e-03  -1.1008e-02
  -1.6586e-02  -3.4895e-02  -4.3013e-02
   3.2561e-01   6.8505e-01   8.4442e-01
  -5.5061e-03  -1.1584e-02  -1.4279e-02
   9.0154e-01   1.8968e+00   2.3380e+00
   4.1490e-01   8.7293e-01   1.0760e+00
  -2.7176e-02  -5.7177e-02  -7.0479e-02
   2.3984e-03   5.0461e-03   6.2200e-03
   1.9921e-01   4.1913e-01   5.1663e-01
   1.6860e-02   3.5471e-02   4.3724e-02
   1.7626e-03   3.7084e-03   4.5711e-03
   9.8380e-02   2.0698e-01   2.5514e-01
  -1.0366e+00  -2.1810e+00  -2.6884e+00
   6.6310e-02   1.3951e-01   1.7197e-01
  -4.0274e-02  -8.4733e-02  -1.0445e-01
   4.7329e-01   9.9576e-01   1.2274e+00
   6.4067e-03   1.3479e-02   1.6615e-02
  -4.3650e-04  -9.1837e-04  -1.1320e-03
  -2.3975e-02  -5.0442e-02  -6.2176e-02
   1.5713e-01   3.3058e-01   4.0749e-01
  -2.8369e-01  -5.9686e-01  -7.3571e-01
   6.6157e-01   1.3919e+00   1.7157e+00
   6.0205e-02   1.2667e-01   1.5613e-01
  -2.6198e-03  -5.5119e-03  -6.7943e-03
   6.2244e-01   1.3096e+00   1.6142e+00
   1.3380e-01   2.8150e-01   3.4699e-01
   3.3676e-03   7.0851e-03   8.7334e-03
   4.3022e-01   9.0516e-01   1.1157e+00
   9.5098e-04   2.0008e-03   2.4663e-03
   2.1572e-01   4.5385e-01   5.5944e-01
   2.7194e-01   5.7215e-01   7.0526e-01
  -1.1376e-03  -2.3934e-03  -2.9502e-03
   2.4623e-02   5.1805e-02   6.3857e-02
  -8.3875e-01  -1.7647e+00  -2.1752e+00
   8.3487e-02   1.7565e-01   2.1651e-01
   3.2910e-03   6.9241e-03   8.5349e-03
   2.0923e-01   4.4021e-01   5.4262e-01
   2.0075e-03   4.2236e-03   5.2062e-03
   4.6214e-02   9.7231e-02   1.1985e-01
  -8.9326e-02  -1.8794e-01  -2.3166e-01
  -1.5400e-03  -3.2399e-03  -3.9937e-03
  -2.9841e-03  -6.2783e-03  -7.7389e-03
   1.4143e+00   2.9756e+00   3.6678e+00
   4.2092e-01   8.8558e-01   1.0916e+00
   2.9894e-02   6.2894e-02   7.7526e-02
   1.7698e-01   3.7235e-01   4.5897e-01
  -3.1107e-01  -6.5447e-01  -8.0672e-01
  -2.2502e-01  -4.7342e-01  -5.8355e-01
   2.0598e+00   4.3336e+00   5.3418e+00
   9.7952e-04   2.0608e-03   2.5403e-03
   4.7524e-03   9.9987e-03   1.2325e-02
   3.6599e-02   7.7002e-02   9.4915e-02
   1.1372e+00   2.3925e+00   2.9491e+00
  -1.5355e-03  -3.2307e-03  -3.9822e-03
   1.6409e-02   3.4524e-02   4.2555e-02
  -5.1715e-03  -1.0880e-02  -1.3412e-02
  -2.3597e-02  -4.9646e-02  -6.1196e-02
   9.5805e-02   2.0157e-01   2.4846e-01
   1.4623e-01   3.0766e-01   3.7923e-01
   5.8186e-01   1.2242e+00   1.5090e+00
  -3.6372e-02  -7.6524e-02  -9.4327e-02
  -1.8427e-02  -3.8768e-02  -4.7787e-02
  -9.4915e-02  -1.9969e-01  -2.4615e-01
   5.0411e-01   1.0606e+00   1.3073e+00
  -2.3359e-02  -4.9145e-02  -6.0578e-02
  -1.9529e-01  -4.1088e-01  -5.0647e-01
   1.0367e-01   2.1811e-01   2.6885e-01
  -2.2524e-01  -4.7389e-01  -5.8413e-01
  -9.3065e-03  -1.9580e-02  -2.4135e-02
  -1.4440e-01  -3.0381e-01  -3.7449e-01
   5.6478e-01   1.1883e+00   1.4647e+00
   2.7244e-03   5.7320e-03   7.0655e-03
  -5.5982e-03  -1.1778e-02  -1.4518e-02
  -9.0771e-01  -1.9097e+00  -2.3540e+00
  -5.0216e-01  -1.0565e+00  -1.3023e+00
  -2.6930e-01  -5.6659e-01  -6.9841e-01
   1.3236e-02   2.7848e-02   3.4327e-02
   4.2832e-02   9.0115e-02   1.1108e-01
  -2.0780e-02  -4.3719e-02  -5.3890e-02
  -7.4382e-02  -1.5649e-01  -1.9290e-01
   2.0722e-02   4.3597e-02   5.3740e-02
  -8.6215e-03  -1.8139e-02  -2.2359e-02
   7.4882e-02   1.5755e-01   1.9420e-01
  -2.3749e-01  -4.9967e-01  -6.1591e-01
  -1.3898e-01  -2.9239e-01  -3.6042e-01
   2.3905e-03   5.0294e-03   6.1994e-03
  -7.0884e-03  -1.4913e-02  -1.8383e-02
   6.5150e-01   1.3707e+00   1.6896e+00
  -1.1321e+00  -2.3818e+00  -2.9359e+00
   5.2853e-01   1.1120e+00   1.3707e+00
   1.8801e-02   3.9556e-02   4.8758e-02
   6.1173e-03   1.2870e-02   1.5864e-02
   2.0629e-01   4.3403e-01   5.3500e-01
   1.3613e-01   2.8641e-01   3.5304e-01
   7.6549e-02   1.6105e-01   1.9852e-01
  -3.2816e-02  -6.9043e-02  -8.5105e-02
   3.6562e-02   7.6923e-02   9.4818e-02
   1.3338e+00   2.8062e+00   3.4591e+00
   1.3045e-01   2.7446e-01   3.3831e-01
   3.6468e-01   7.6725e-01   9.4575e-01
   3.6344e-01   7.6465e-01   9.4254e-01
   5.6120e-01   1.1807e+00   1.4554e+00
   3.6682e-02   7.7177e-02   9.5131e-02
  -4.7845e-03  -1.0066e-02  -1.2408e-02
   4.4521e-02   9.3669e-02   1.1546e-01
  -1.4116e-01  -2.9699e-01  -3.6608e-01
   2.3984e-03   5.0461e-03   6.2200e-03
   4.6214e-01   9.7230e-01   1.1985e+00
   4.7567e-01   1.0008e+00   1.2336e+00
   5.2519e-02   1.1050e-01   1.3620e-01
  -4.7060e-02  -9.9011e-02  -1.2205e-01
   1.9036e-01   4.0050e-01   4.9367e-01
  -4.9981e-02  -1.0516e-01  -1.2962e-01
  -4.1290e-01  -8.6871e-01  -1.0708e+00
   2.5917e-01   5.4528e-01   6.7214e-01
   4.3037e-01   9.0547e-01   1.1161e+00
  -4.0024e-01  -8.4206e-01  -1.0380e+00
   2.4807e-01   5.2193e-01   6.4335e-01
   2.1562e-01   4.5365e-01   5.5919e-01
   5.0929e-01   1.0715e+00   1.3208e+00
   5.3079e-02   1.1167e-01   1.3765e-01
  -4.9429e-03  -1.0400e-02  -1.2819e-02
   2.9486e-01   6.2037e-01   7.6469e-01
   2.0211e-02   4.2523e-02   5.2415e-02
  -7.6052e-01  -1.6001e+00  -1.9723e+00
  -2.6536e-02  -5.5829e-02  -6.8818e-02
   3.7722e-01   7.9363e-01   9.7827e-01
   6.9179e-01   1.4555e+00   1.7941e+00
   4.0863e-01   8.5972e-01   1.0597e+00
  -2.0936e-02  -4.4048e-02  -5.4296e-02
   4.5113e-01   9.4915e-01   1.1700e+00
   1.5681e-01   3.2992e-01   4.0668e-01
   6.5442e-02   1.3769e-01   1.6972e-01
  -1.7628e-03  -3.7088e-03  -4.5716e-03
   1.2935e-04   2.7215e-04   3.3546e-04
  -8.7588e-03  -1.8428e-02  -2.2715e-02
  -3.4577e-01  -7.2747e-01  -8.9671e-01
   4.7067e-01   9.9026e-01   1.2206e+00
   2.2130e-03   4.6561e-03   5.7393e-03
   2.5105e-01   5.2819e-01   6.5107e-01
   1.0393e-01   2.1867e-01   2.6954e-01
   4.4001e-01   9.2574e-01   1.1411e+00
  -1.4992e-01  -3.1542e-01  -3.8880e-01
  -1.8128e-03  -3.8139e-03  -4.7012e-03
   4.8425e-02   1.0188e-01   1.2558e-01
   8.8735e-02   1.8669e-01   2.3012e-01
   3.7143e-01   7.8145e-01   9.6325e-01
   6.5367e-01   1.3753e+00   1.6952e+00
   7.4018e-02   1.5573e-01   1.9196e-01
   1.7532e+00   3.6886e+00   4.5467e+00
   2.8609e-02   6.0192e-02   7.4195e-02
   6.3692e-02   1.3400e-01   1.6518e-01
   2.8659e-03   6.0296e-03   7.4323e-03
  -1.5454e-02  -3.2513e-02  -4.0077e-02
  -1.8352e-02  -3.8612e-02  -4.7594e-02
  -1.9966e-01  -4.2007e-01  -5.1779e-01
  -2.6525e-01  -5.5805e-01  -6.8788e-01
   6.1122e-02   1.2860e-01   1.5851e-01
  -4.5163e-01  -9.5020e-01  -1.1713e+00
   1.4353e-01   3.0197e-01   3.7222e-01
   3.6357e-01   7.6493e-01   9.4288e-01
  -1.4984e-01  -3.1526e-01  -3.8860e-01
  -6.2514e-02  -1.3152e-01  -1.6212e-01
   1.0558e-01   2.2213e-01   2.7380e-01
   2.1619e-01   4.5485e-01   5.6067e-01
   1.4632e-01   3.0785e-01   3.7947e-01
   3.0455e-02   6.4075e-02   7.8982e-02
  -2.3933e-02  -5.0352e-02  -6.2066e-02
  -4.7192e-03  -9.9289e-03  -1.2239e-02
  -3.0592e-02  -6.4363e-02  -7.9337e-02
  -1.3471e-02  -2.8343e-02  -3.4937e-02
   3.8360e-01   8.0706e-01   9.9482e-01
  -9.0905e-02  -1.9126e-01  -2.3575e-01
   5.2051e-01   1.0951e+00   1.3499e+00
  -1.5461e-02  -3.2529e-02  -4.0096e-02
   3.4961e-02   7.3556e-02   9.0668e-02
   5.6922e-01   1.1976e+00   1.4762e+00
   4.8369e-02   1.0177e-01   1.2544e-01
   5.8371e-01   1.2281e+00   1.5138e+00
   2.6112e-02   5.4938e-02   6.7719e-02
  -4.8776e-01  -1.0262e+00  -1.2650e+00
  -3.6386e-02  -7.6554e-02  -9.4364e-02
   2.0229e-03   4.2560e-03   5.2461e-03
  -1.5712e-02  -3.3056e-02  -4.0746e-02
   1.6664e-01   3.5059e-01   4.3215e-01
  -2.4859e-02  -5.2302e-02  -6.4469e-02
   2.3738e-02   4.9943e-02   6.1561e-02
   6.3782e-02   1.3419e-01   1.6541e-01
   1.9678e-02   4.1400e-02   5.1032e-02
  -5.3427e-01  -1.1241e+00  -1.3856e+00
  -1.3121e-02  -2.7605e-02  -3.4027e-02
  -8.1450e-02  -1.7136e-01  -2.1123e-01
  -8.1886e-01  -1.7228e+00  -2.1236e+00
  -1.1488e-02  -2.4169e-02  -2.9792e-02
   3.1851e-01   6.7012e-01   8.2601e-01
   1.1710e-01   2.4638e-01   3.0369e-01
   1.5644e-01   3.2913e-01   4.0570e-01
   5.7842e-02   1.2169e-01   1.5001e-01
   3.9834e-03   8.3807e-03   1.0330e-02
   5.1909e-01   1.0921e+00   1.3462e+00
  -5.1557e-02  -1.0847e-01  -1.3371e-01
  -1.7235e-01  -3.6261e-01  -4.4697e-01
   1.4993e-01   3.1543e-01   3.8881e-01
   7.8346e-02   1.6483e-01   2.0318e-01
  -5.8806e-01  -1.2372e+00  -1.5251e+00
   7.3546e-01   1.5474e+00   1.9073e+00
   7.0366e-01   1.4804e+00   1.8249e+00
   5.4481e-01   1.1462e+00   1.4129e+00
   2.1264e-01   4.4739e-01   5.5147e-01
   1.0864e-01   2.2856e-01   2.8174e-01
  -5.2057e-03  -1.0952e-02  -1.3500e-02
  -9.3024e-03  -1.9572e-02  -2.4125e-02
   2.2786e-01   4.7939e-01   5.9092e-01

