   6.1621e-01  -4.8803e-01  -8.1147e-02
   9.3871e-04  -2.0573e-02  -2.5638e-02
   3.7721e+00  -3.4241e+00  -2.1641e-01
   8.9816e-01  -6.3161e-01  -8.5246e-02
   2.5684e+00  -1.8012e+00  -5.4224e-01
   2.4211e-01  -3.4215e-01   8.6894e-02
  -2.1881e-01  -1.1831e-01   1.6554e-01
   2.2553e+00  -4.6584e+00   1.6935e+00
  -1.8349e+00  -3.9601e+00   4.2164e+00
  -4.2696e+00  -9.0958e+00  -2.3372e+00
   2.6883e+00  -4.3808e+00  -1.6947e+00
   8.8830e-02  -9.7805e-02   1.3362e-02
   3.3206e+00  -3.1050e+00  -2.8238e+00
   1.0843e+00  -7.5565e-01  -1.6059e-01
  -2.7300e-02  -1.6506e+00   1.1391e+00
   2.7017e-01  -2.5551e-01   6.2588e-03
  -1.2171e+00  -2.7386e+00   2.9947e+00
   6.9872e-02  -2.7248e+00   1.8563e+00
  -4.3318e+00  -5.3860e+00  -1.3426e+00
   1.0565e-01  -6.8511e-01   4.4286e-01
   1.7377e-01  -1.9159e-01   3.4292e-02
  -1.1342e+00  -2.8035e+00   2.9960e+00
  -9.3299e-01  -2.5421e+00   2.6460e+00
   1.0488e+00  -8.0684e-01  -1.6328e-01
   1.2691e+00  -7.6928e-01  -3.5607e-01
   2.7058e+00  -3.4355e+00   5.8708e-01
  -5.3701e+00  -4.7322e+00  -8.9847e+00
   1.9642e+00  -4.1027e+00  -3.5878e-01
   2.2490e+00  -2.7030e+00   2.2449e-01
   7.9354e-01  -8.0246e-01  -2.9339e-01
   1.4106e-01  -1.2816e-01   9.8608e-04
  -4.9958e+00  -5.3383e+00  -6.8684e+00
  -5.1966e-03  -3.0096e-01  -1.3497e-01
   3.0206e+00  -2.6246e+00  -2.6120e-01
   1.1677e+00  -7.6765e-01  -2.1414e-01
   5.6248e-01  -5.6552e+00  -1.8998e+00
  -1.6259e+00  -3.4530e+00   3.7297e+00
   3.9130e+00  -3.5748e+00  -2.1373e-01
   3.6653e-01  -4.3086e-01  -9.9070e-02
  -5.1973e+00  -4.5570e+00  -8.5936e+00
   7.6741e-01  -8.8948e-01  -3.8172e-01
  -3.0414e-01  -2.3334e+00   2.0245e+00
   1.2837e+00  -1.1852e+00  -3.3795e-01
  -5.8825e-02  -1.8818e-01  -2.0495e-02
   2.0134e-01  -3.4023e-01   1.2265e-01
  -5.8647e+00  -6.8139e+00  -1.9644e+00
   3.3913e+00  -1.8873e+00  -1.0755e+00
  -9.3597e-02  -4.0852e+00  -1.6294e+00
   1.0225e-01   1.6656e-01  -5.1710e-02
  -4.2262e+00  -3.6126e+00  -7.4346e+00
  -7.4025e-03   4.8602e-03   9.6734e-03
   1.4389e+00  -1.0798e+00  -2.0553e-01
   5.7326e-01  -5.6133e-01   5.2842e-03
   1.8308e-01  -4.1309e-01  -7.4453e-02
   2.7910e-01  -5.7407e-01  -1.4313e-01
   9.8624e-02  -9.4485e-02  -9.9099e-02
  -1.1420e+00  -2.8380e+00   3.0239e+00
   1.6631e-01  -1.9974e-01   3.4217e-02
   3.1374e+00  -3.5431e+00   3.4600e-01
  -9.7892e-01  -1.9781e+00   2.1214e+00
  -1.9428e-02  -1.5826e-01  -6.9261e-02
  -1.2015e-02  -1.5518e-02  -2.0710e-02
   5.7335e-01  -4.1024e-01   1.9913e-02
   1.2194e+00  -8.9507e-01  -1.8903e-01
   2.2655e+00  -1.3431e+00  -6.1497e-01
   3.9317e+00  -3.8296e+00  -3.6762e-02
  -1.5596e+00  -3.4492e+00   3.7967e+00
   7.4151e-02  -1.4572e-01   5.8641e-02
   9.4022e-01  -1.0346e+00  -2.1559e-01
  -1.9127e+00  -3.1841e+00   3.8965e+00
   1.7762e+00  -2.1925e+00  -1.0940e+00
  -1.4586e+00  -2.8736e+00   3.2927e+00
   1.6801e-01  -3.8580e-01  -1.6367e-02
   1.6146e-01  -1.6675e-01   1.6050e-02
   3.0133e-01  -3.4630e-01   3.9155e-02
   1.6663e-01  -4.3370e-01   2.0894e-01
   6.6925e-03  -1.9539e-01  -1.3423e-02
  -5.2539e+00  -4.6625e+00  -6.6454e+00
  -1.0593e+00  -2.6342e+00   2.6435e+00
   2.0428e+00  -1.5236e+00  -5.9324e-01
   3.6231e+00  -4.2222e+00   4.8782e-01
   1.4293e-01  -2.2253e-01   6.4067e-02
   1.0225e-01  -1.0629e-01   2.0146e-02
   3.1608e+00  -3.4702e+00   1.4083e-01
   2.2752e+00  -1.4508e+00  -5.9131e-01
   1.7130e+00  -1.2425e+00  -3.0889e-01
  -2.9723e+00  -7.8449e+00  -4.6489e+00
   1.5444e-01  -2.7844e-01   1.2388e-02
  -7.0630e-01  -1.3902e+00   1.6467e+00
  -2.5010e+00  -4.4703e+00  -6.3677e-01
   4.7099e-01  -3.2664e-01   2.4121e-02
   3.3344e+00  -2.9485e+00  -2.2051e-01
   7.2549e-01  -5.3074e-01  -1.3807e-01
   5.2678e-02  -1.1180e-01   1.0078e-01
   1.0316e+00  -8.9844e-01  -3.6278e-01
  -8.3430e-01  -2.5338e+00   2.4923e+00
   2.2398e+00  -4.2780e+00  -2.2109e+00
   1.9269e+00  -1.5451e+00  -5.4848e-01
   1.3801e-01  -2.0076e-01   7.2064e-02
   1.4189e-01  -2.9126e-01  -8.1796e-02
   1.3474e-01  -2.4635e+00   1.7419e+00
   1.7291e+00  -1.2337e+00  -3.2470e-01
   1.4903e+00  -3.4615e+00  -1.1754e+00
  -1.0185e+00  -2.2158e+00   2.4531e+00
  -2.1167e-02  -1.2210e-01  -5.6524e-02
  -1.6492e+00  -3.2740e+00   3.7486e+00
   3.3843e+00  -4.2388e+00   4.7206e-01
   5.5645e-01  -3.6917e-01  -9.6637e-03
  -8.7946e-02  -2.8195e-02   6.3958e-03
   2.5960e+00  -1.6531e+00  -6.7280e-01
   1.9484e+00  -2.5125e+00   3.2254e-01
   2.3026e+00  -1.6720e+00  -6.7627e-01
   2.0474e+00  -4.0655e+00  -1.1384e+00
   1.1124e+00  -9.5995e-01  -3.4781e-01
  -1.3284e-01  -4.7632e-01   3.2711e-02
   2.6798e-01  -1.3242e+00   7.8597e-01
   8.0080e-02  -3.2138e-01  -2.6217e-02
   2.7248e-01  -5.7787e-01  -9.8135e-02
  -4.0277e-01  -8.5305e-01   8.8139e-01
   1.2390e-01  -2.6853e-01  -7.3385e-02
  -5.1594e+00  -4.3984e+00  -7.3549e+00
   6.0641e-03  -1.6429e-01   3.4256e-03
   1.3432e-01  -1.3531e-01   1.7165e-02
  -2.9969e+00  -4.4438e+00  -1.2237e+00
   1.1398e-01  -1.4592e-01   3.7962e-02
   2.3453e+00  -1.6867e+00  -4.7930e-01
   7.2899e-01  -6.6546e-01  -2.2480e-02
   4.3824e-01  -7.0040e-01  -2.7776e-01
   8.1356e-01  -4.4862e-01  -2.6634e-01
   2.4819e+00  -1.3276e+00  -8.7453e-01
   3.6477e-02   1.2089e-01   9.8990e-02
   1.2198e-01  -6.5645e-02  -3.0124e-02
  -1.0507e+00  -3.1633e+00   3.1949e+00
   2.1550e-01  -1.2091e-01  -6.2709e-02
  -3.0254e+00  -3.5142e+00  -4.6069e-01
   1.9609e+00  -1.3406e+00  -4.4200e-01
   1.3182e-01   1.0984e-01   2.3370e-01
  -1.8160e-01   2.2214e-02   4.1964e-02
  -9.6650e-01  -2.1962e+00   2.2446e+00
  -5.2258e+00  -4.2429e+00  -8.8293e+00
   4.5784e-01  -3.3860e+00   2.2281e+00
  -1.9779e-01  -1.8580e-01   2.2453e-01
   2.3980e-01  -1.3435e-01  -7.1721e-02
  -3.5690e-01   3.7356e-01  -2.1609e-01
  -1.0859e-01  -5.9866e-02   9.8024e-02
   2.4882e+00  -1.5033e+00  -6.9310e-01
  -1.0170e+00  -1.9715e+00   2.2796e+00
  -3.3702e-01   3.4220e-01  -2.1223e-01
  -3.0497e-01  -8.4978e-01   8.9657e-01
   2.4824e-01  -1.2094e-02  -8.7969e-02
   1.4177e-01  -7.2932e-02  -3.4761e-02
   1.5170e-01  -8.8233e-02  -4.0068e-02
  -5.6305e+00  -6.5101e+00  -1.7958e+00
   1.6431e-01  -9.5727e-02  -1.0120e-01
   3.4940e-02  -2.1528e-01   1.5677e-01
  -6.9167e-03  -1.7840e-01   1.5715e-01
   9.0648e-03  -1.0122e-01   7.5204e-02
   5.5159e-02  -8.3392e-01   5.9404e-01
  -2.6839e-01   4.7460e-01   3.1343e-01
  -2.8120e-02   4.4370e-02  -4.2534e-02
   2.8325e+00  -1.6635e+00  -1.0391e+00
  -1.2178e+00  -2.1059e+00   2.5301e+00
  -2.4952e-01  -4.7992e-01  -8.3975e-01
   8.6105e-02  -1.2903e-01   3.8481e-02
  -5.3370e+00  -4.5541e+00  -7.2845e+00
   1.6774e-01  -9.1846e-02  -4.5123e-02
   9.5719e-01  -2.1046e-02  -3.2226e-01
  -8.9289e-01  -1.2565e+00   1.6342e+00
   1.4698e+00  -9.0041e-01  -3.8779e-01
   2.4708e-03  -1.3126e-01   2.8476e-03
   2.0085e-02   8.1308e-02  -4.3579e-02
   4.1034e+00  -2.3475e+00  -1.4154e+00
   1.6210e+00   3.6764e-01  -5.9851e-01
  -3.8872e+00  -2.9390e+00  -6.3377e+00
   1.2978e-01  -7.5951e-01   4.9217e-01
   1.6785e-01  -7.9955e-02  -5.3920e-02
  -1.3885e-01  -6.5857e-01   6.2722e-01
  -1.9877e+00  -3.4556e+00   4.1305e+00
   3.7898e+00  -2.3048e+00  -1.0561e+00
   1.4863e-01  -2.5023e-01   8.0941e-02
   3.7129e+00  -2.1575e+00  -1.3014e+00
   2.1344e+00  -2.7267e+00   3.8357e-01
  -1.2282e-01  -1.2959e-01   2.6338e-03
   3.4960e+00  -1.9956e+00  -1.0869e+00
  -3.3528e-02  -1.4122e-01  -3.6651e-03
  -1.7504e+00  -3.5978e+00   4.0512e+00
   3.3403e+00  -1.8918e+00  -1.0617e+00
  -1.9954e-01   4.7085e-01  -2.6838e-02
   2.2732e-01  -1.0652e-01  -7.1480e-02
   1.5435e-01  -2.3480e-01   7.7247e-02
   3.7565e-02  -1.4020e-02  -6.9759e-03
   9.1781e-02  -4.8409e-02  -2.4889e-02
  -6.9378e-01  -1.5765e+00   1.7379e+00
   1.1103e-01  -1.2090e-01  -1.2099e-01
  -1.9330e+00  -3.2854e+00   3.9505e+00
   7.2345e-01  -3.7488e-01  -2.4108e-01
  -1.3163e-01  -3.6349e-02   1.1710e-01
  -3.4772e+00  -3.6333e+00  -1.3081e+00
   1.7373e+00  -7.8664e-01  -5.5205e-01
   7.7082e-01  -3.6284e-01  -3.4755e-01
  -2.0454e-01   1.3106e-01   7.7696e-02
   3.7220e-01  -1.1808e-01  -3.8613e-01
   2.5089e+00  -3.2307e+00   4.4503e-01
   1.0126e-01   1.1227e-02  -3.5592e-02
  -8.5662e-02  -8.4282e-02   1.0346e-01
  -3.6019e-01  -6.3956e-01  -6.9324e-01
   8.7449e-01  -6.4659e-01  -1.0105e-01
   2.7435e+00  -1.4615e+00  -8.7406e-01
   2.5120e-03   9.6094e-03   6.2566e-04
  -1.0380e+00  -2.8794e+00   2.9776e+00
  -2.1331e-02  -9.4554e-03  -4.3162e-02
   1.4099e-01  -7.1035e-02  -4.1906e-02
   6.6682e-02  -3.6731e-02  -1.2516e-02
  -1.8656e+00  -3.4552e+00   4.0433e+00
   2.4638e-01  -3.1786e-01   6.6861e-02
   1.5299e+00  -1.2253e+00  -2.6681e-01
   2.6734e+00  -1.8212e+00  -5.9782e-01
   2.8809e+00  -2.4104e+00  -5.7683e-01
   1.2166e-01  -3.1406e-01   1.5920e-01
   4.2502e+00  -2.4787e+00  -1.3813e+00
   5.8740e-02  -8.9028e-02   2.7349e-02
  -3.5432e-02  -1.4455e-01   4.7336e-02
   9.4388e-02  -1.2458e-01   5.4298e-02
   3.5486e+00  -3.8526e+00   2.6100e-01
   2.9263e+00  -3.5909e+00   5.2143e-01
  -1.3677e-01  -4.9004e-01   4.2784e-01
   3.3448e-01  -2.7955e-01   3.5431e-02
   8.9157e-02  -4.1796e-02  -2.5312e-02
   5.6835e-02  -1.9117e-01   1.5852e-01
   1.4758e-01  -8.6130e-02  -3.3592e-02
  -1.0019e+00  -1.9968e+00   2.2833e+00
  -1.0099e+00  -2.0311e+00   2.3054e+00
   1.6309e+00  -7.8316e-01  -4.9950e-01
  -7.1511e-01  -1.1310e+00   1.3472e+00
   7.5359e-02  -9.5536e-02  -9.9191e-02
  -4.2144e-02   1.3113e-01   7.1504e-03
   1.3786e-01  -1.8307e-01  -1.9084e-01
   9.4943e-01  -5.0913e-01  -5.5850e-01
   4.0685e-02  -2.3588e-01   4.9276e-02
   5.3122e-01  -5.0323e-01  -1.1408e-03
   2.8898e+00  -2.2626e+00  -4.2915e-01
  -4.4549e+00  -4.8804e+00  -1.5611e+00
  -1.6582e+00  -3.0126e+00   3.5347e+00
  -2.8221e-02  -8.7365e-01   6.9151e-01
  -2.2882e-01   1.2496e-01   9.0283e-02
  -1.2641e-01  -4.5269e-01   3.6611e-01
  -1.2987e+00  -2.3065e+00   2.7324e+00
   1.4931e-01  -9.3099e-02  -3.1733e-02
  -4.2479e-01  -2.4658e+00   2.1957e+00
   3.2916e+00  -1.8018e+00  -1.0487e+00
  -2.1705e+00  -2.5806e+00  -1.1631e+00
   3.2566e+00  -2.7051e+00  -3.6903e-01
   7.2911e-02  -2.8956e-02  -1.9605e-02
  -1.4335e-01   2.7189e-01   2.5183e-01
   9.6066e-02  -4.3920e-02  -2.5344e-02
   1.6125e-01  -6.9800e-02  -4.3760e-02
  -6.0770e-01  -7.5729e-01   1.1750e+00
   3.5746e+00  -3.4092e+00  -9.4750e-02
   8.5811e-02  -4.7644e-02  -1.7378e-02
  -4.9108e+00  -5.6348e+00  -1.5061e+00
   4.9074e-02  -7.6408e-02  -9.5610e-02
   6.6303e-02  -2.4562e-01   1.1186e-01
   1.4538e-01  -6.5870e-02  -4.4753e-02
  -9.0253e-01  -1.7988e+00   2.0467e+00
  -2.5824e-01   3.7192e-01   2.0280e-01
   9.4193e-02  -1.3033e-01   3.5824e-02
   7.9874e-02  -4.4747e-02  -1.7344e-02
   3.4639e+00  -3.5878e+00   1.2526e-01
   9.1188e-02  -4.2834e-01   2.6692e-01
  -4.0025e-01  -8.1117e-01   9.2351e-01
  -1.3158e+00  -2.9820e+00   3.1257e+00
  -1.7190e+00  -3.2785e+00   3.6913e+00
   4.9878e-01  -5.3195e+00  -1.9977e+00
  -1.0288e+00  -2.6886e+00   2.8353e+00
  -3.9644e-03  -4.5026e-01  -1.1037e-01
   1.7477e-01  -4.4123e-01   2.1892e-01
   2.2841e-01  -2.7408e-01   4.7615e-02
   1.0233e+00  -7.1945e-01  -1.4305e-01
   6.9415e-02  -3.4182e-01   2.2038e-01
   6.6504e-02  -4.4106e-01  -2.8278e-03
  -3.4723e-02  -2.6837e+00   2.0723e+00
  -5.3055e-03  -8.5521e-02  -3.3726e-02
  -1.1977e+00  -2.8541e+00   3.0739e+00
   8.7435e-02  -1.6110e-01   6.2293e-02
   3.3802e+00  -3.1825e+00  -1.0417e-01
   1.1809e+00  -8.8379e-01  -1.3619e-01
   1.8991e+00  -1.2395e+00  -4.7959e-01
  -9.8532e-01  -2.7752e+00   2.8615e+00
   2.4077e+00  -3.7023e+00   1.0110e+00
  -1.2196e+00  -3.1602e+00   3.3125e+00
   2.0384e-01  -2.6035e-01   5.8470e-02
  -5.4352e-01  -2.4843e+00   2.3031e+00
  -2.5099e+00  -3.2264e+00  -7.8285e-01
   9.0526e-01  -1.6129e+00   5.5853e-01
   2.7154e+00  -3.3440e+00   5.1555e-01
  -7.9512e-01  -2.5084e+00   2.5106e+00
   1.6788e+00  -1.2659e+00  -2.7971e-01
   4.6801e+00  -2.6251e+00  -1.4964e+00
   1.0008e-01   8.3952e-01  -2.4083e-01
  -7.4697e-01  -2.4440e+00   2.4546e+00
  -5.6404e-01  -8.6330e-01   1.2011e+00
   2.3090e+00  -2.8666e+00   4.6874e-01
  -2.4143e-02  -3.2060e+00   2.4606e+00
  -2.3532e+00  -9.5067e+00  -5.2602e+00
   3.0852e+00  -3.3635e+00   2.5077e-01
  -1.6385e+00  -3.3868e+00   3.8122e+00
   1.5157e+00  -9.6023e-01  -3.9205e-01
   5.9716e-02  -5.4345e-02   1.7759e-01
   1.0211e+00  -4.7161e-01  -5.0848e-01
   2.0300e+00  -1.5670e+00  -5.7245e-01
   3.2732e+00  -3.4308e+00   1.6392e-01
   1.7511e+00  -1.0312e+00  -4.5077e-01
  -1.5543e+00  -3.2532e+00   3.6439e+00
   3.3021e+00  -3.6754e+00   3.2287e-01
   6.8144e-01  -6.4668e-01   5.6074e-02
   1.8456e+00  -1.2836e+00  -3.5816e-01
  -1.5874e-01  -2.3952e+00   1.9621e+00
   7.0879e-01  -7.3591e-01   3.6930e-02
  -2.0813e-01  -5.6325e-01  -5.3459e-01
  -1.8452e+00  -3.9116e+00   4.3568e+00
  -1.4297e+00  -3.1230e+00   3.4516e+00
  -1.4043e-01  -2.3530e-02   7.3249e-02
  -4.4032e-01  -2.4187e+00   2.1811e+00
   3.3955e+00  -3.8754e+00   3.9455e-01
   2.3907e+00  -1.6124e+00  -6.2964e-01
   2.7992e+00  -3.9102e+00   8.7155e-01
   2.2338e-01  -9.9084e-01   5.9769e-01
   1.4684e+00  -1.0691e+00  -1.9264e-01
  -5.5354e+00  -6.3941e+00  -1.7150e+00
   1.3997e-01  -1.6556e-01   3.0679e-02
  -1.2836e+00  -2.7774e+00   3.0789e+00
   1.8388e+00  -1.4126e+00  -4.1759e-01
  -9.2987e-02  -1.2229e-01  -2.9556e-02
   1.6348e-01  -2.0380e-01   4.3675e-02
   3.0849e+00  -2.6478e+00  -2.6660e-01
   3.8816e-01  -3.4941e+00   2.3621e+00
  -1.7419e+00  -2.8451e+00   3.4711e+00
   2.3867e-02  -2.1111e-01  -2.2673e-02
   3.3524e+00  -3.7638e+00   3.4136e-01
   1.7837e-01  -2.5208e-01  -2.7509e-01
   2.8527e+00  -4.1692e+00   1.0185e+00
   7.0688e-01  -1.5301e+00   6.5691e-01
   9.9346e-02  -2.8622e-01  -1.0382e-01
   2.7806e-01  -4.5106e-01   1.4058e-01
  -5.9635e-01  -6.6153e-01  -8.2124e-01
   2.4883e+00  -1.6466e+00  -5.8627e-01
   3.6910e+00  -4.4143e+00   5.7163e-01
   3.2573e+00  -3.2855e+00  -1.9141e-01
   3.2514e+00  -3.6482e+00   3.3844e-01
   1.9532e+00  -1.4877e+00  -5.7080e-01
   2.6433e-01  -3.4679e-01   7.4213e-02
   3.0911e+00  -3.2341e+00  -3.6687e-02
  -2.1609e+00  -4.8752e+00  -7.9633e-01
  -3.2396e-01  -1.9403e+00   1.7698e+00
   2.2126e+00  -2.4110e+00  -1.1925e+00
   2.1785e+00  -1.4244e+00  -5.4602e-01
  -1.5967e+00  -3.5639e+00   3.9064e+00
   3.4470e+00  -3.7423e+00   1.0013e-01
   7.5684e-03  -2.5103e-01  -3.9055e-02
  -6.5486e-01  -6.0690e-01  -8.3943e-01
   7.8315e-01  -8.3500e-01  -3.1809e-01
   2.2730e+00  -1.6333e+00  -4.6120e-01
  -1.4260e+00  -3.0986e+00   3.4323e+00
  -4.2999e+00  -5.1503e+00  -1.6857e+00
   1.0495e+00  -1.0218e+00  -2.9097e-01
  -7.0388e-01  -1.2711e+00   1.4370e+00
  -1.5912e-01   1.8890e-02   2.2148e-01
   5.0410e-01  -3.3416e+00   2.1586e+00
   1.2621e-01  -3.1112e+00   2.2776e+00
   8.4482e-01  -1.9597e+00   7.0402e-01
  -1.2878e+00  -3.0049e+00   3.2592e+00
   2.6183e+00  -3.8880e+00   9.8714e-01
  -1.3546e-01  -2.5694e+00   1.9267e+00
  -6.4503e-01  -2.7847e+00   2.5984e+00
   2.9736e-02  -9.2954e-01   6.9641e-01
  -1.4580e-01  -3.6193e-01   2.4611e-02
  -1.8850e+00  -3.6507e+00   4.1947e+00
   9.8645e-02  -6.6846e-02  -8.2219e-02
  -5.2004e-01   4.6697e-01   2.4300e-01
   6.2972e-01  -7.0509e-01  -8.8260e-02
  -1.1042e+00  -2.8260e+00   2.9851e+00
   1.3739e-01  -1.6318e-01   3.0824e-02
  -1.4304e-01   2.4205e-02   1.8928e-01
   8.6983e-02  -2.9050e-01  -8.9143e-02
   1.1878e+00  -7.4975e-01  -4.8201e-01
  -8.6449e-01  -2.7119e+00   2.6224e+00
   5.8317e-02   1.7027e-01   9.1350e-02
  -1.8521e+00  -6.1389e+00  -8.6425e+00
  -6.1289e+00  -5.2245e+00  -9.4918e+00
  -5.3067e+00  -5.4988e+00  -4.0884e+00
   1.1911e-02  -8.6840e-02  -1.0156e-02
  -1.5238e-02   2.5591e-03  -1.0710e-02
   1.6498e+00  -1.3718e+00  -4.8630e-01
   9.6792e-02  -1.7824e-01   6.9443e-02
   6.2442e-01  -7.0238e-01  -7.5746e-02
  -1.8552e-01   9.4576e-02   2.4621e-01
   1.8109e-01  -1.0098e-01  -4.9293e-02
  -3.5018e-02  -3.4988e-02  -1.2714e-02
   7.5110e-02  -1.2224e-01  -4.4282e-02
  -4.0880e-02  -9.8803e-03  -3.1251e-02
  -5.5950e+00  -4.6210e+00  -8.2733e+00
   2.4169e-02  -1.4045e-01  -6.6407e-02
  -2.4224e-01  -4.2938e-01  -5.0955e-01
  -2.3968e-01  -2.3018e+00   1.9450e+00
   6.8708e-02   4.8445e-01   5.1805e-01
  -3.5271e+00  -4.7118e+00  -1.2278e+00
   2.7391e-01  -2.5832e-01  -1.7482e-02
  -5.6112e+00  -4.5559e+00  -8.4151e+00
  -5.0797e+00  -4.3282e+00  -7.3251e+00
  -1.0622e+00  -1.7167e+00  -2.6751e+00
   2.7583e-02  -4.7393e-02   2.4634e-02
  -4.5032e+00  -3.9055e+00  -7.1187e+00
  -1.1099e+00  -2.6807e+00   2.8748e+00
  -9.9210e-01  -2.0806e+00   2.3361e+00
  -5.0284e+00  -5.9108e+00  -1.1546e+00
   1.2795e-02  -1.0261e-01  -6.9423e-03
   2.8769e-02  -1.9105e-01  -5.6888e-02
   4.3866e-02  -2.4526e-01   1.0747e-02
  -1.9554e-02   1.5904e-02   3.8268e-03
  -3.9092e-01  -2.3455e+00   2.0604e+00
  -1.5060e+00  -2.7480e+00   3.1271e+00
  -2.6827e-02  -1.2130e-01   2.9220e-03
   2.0903e-02  -1.2631e-01  -4.0587e-02
  -1.6424e+00  -3.4604e+00   3.8664e+00
   1.4534e-01   1.3220e-01   2.4953e-01
  -1.7309e+00  -1.8290e+00  -6.3954e-01
   1.5832e-01  -3.4796e-01  -9.7496e-02
   2.2145e+00  -1.4913e+00  -4.9510e-01
  -1.5754e+00  -3.0427e+00   3.5297e+00
   6.2562e-02  -1.4615e-01  -3.2572e-02
   1.4355e+00  -4.2573e+00  -1.9821e+00
  -1.4849e-01  -1.6872e-01   1.4758e-01
   1.1440e-01  -1.0794e-01   3.4451e-02
  -5.1582e+00  -6.2302e+00  -1.5843e+00
  -1.4586e-01  -5.3813e-02   4.4509e-02
   3.9881e-03  -6.0296e-02  -5.4776e-05
   2.1819e+00  -1.4385e+00  -7.9296e-01
   1.4406e+00  -1.9206e+00   4.3830e-01
  -5.8712e+00  -5.8761e+00  -4.0374e+00
  -2.2760e-02   2.4580e-02   4.5786e-02
   2.4585e+00  -1.8004e+00  -8.3615e-01
  -3.6619e-03  -6.3497e-02  -2.9501e-03
  -3.9450e+00  -4.6641e+00  -8.7339e-01
   2.2132e+00  -1.9143e+00  -4.5085e-01
  -3.0600e-02  -8.4902e-02   3.9206e-03
   3.9669e-02  -1.0550e-01   5.8415e-02
  -5.0702e+00  -6.0140e+00  -1.2280e+00
   1.2024e-01  -3.9311e-01  -1.6169e-01
   1.7026e-01  -3.8080e-01  -1.6866e-01
  -9.1376e-03  -1.3463e-01   1.7746e-03
  -4.2258e+00  -6.0765e+00  -9.6759e+00
  -9.2360e-02  -2.9855e-01  -2.4946e-01
   3.0499e-02  -7.3072e-02  -8.5988e-02
   1.7982e+00  -1.5064e+00  -1.8036e-01
  -2.8341e-02  -1.1421e-02  -4.0474e-02
  -2.0773e-02  -6.4515e-02  -1.2797e-02
  -2.6489e+00  -4.6746e+00  -6.4488e-01
   2.4118e-01  -2.7816e-01   4.1989e-02
   1.2251e-03  -1.5412e-01  -1.8157e-02
  -3.1796e-01  -9.4722e-01  -3.1770e-02
   5.9873e-01  -5.8782e-01  -2.1641e-01
  -6.0028e+00  -6.7609e+00  -2.1194e+00
   1.1777e-01  -1.6113e-01   4.4380e-02
   1.5306e+00  -1.2418e+00  -5.3040e-01
  -2.5604e-02   1.9889e-02   3.4988e-02
   2.0668e-02  -2.5797e-02  -3.8589e-03
   8.2165e-04  -1.4717e-01   1.5402e-03
  -4.7592e+00  -5.5622e+00  -1.2191e+00
   8.0366e-02  -5.4306e-01   9.5774e-02
   1.4474e-01  -1.7031e-01   3.1188e-02
  -5.4824e+00  -4.8796e+00  -8.8312e+00
   2.8217e-02  -1.0741e-01  -4.1248e-02
  -1.5379e-02  -1.2479e-01   3.5029e-04
   3.5451e+00  -2.3895e+00  -8.4662e-01
   5.6555e-02  -2.7402e-01  -6.3374e-02
   1.8593e+00  -5.0216e+00  -1.8266e+00
   1.6012e+00  -2.3514e+00   5.9170e-01
   3.2331e+00  -3.5414e+00   2.5976e-01
  -4.6794e-03  -8.8125e-02  -3.8617e-02
   1.0143e+00  -3.1423e+00  -1.4380e+00
  -1.3190e-01   1.0896e-01   6.2480e-02
  -3.0308e-02  -6.1912e-02  -4.2372e-02
   1.6364e-02   6.9410e-03   1.9074e-02
  -3.0996e-03  -1.4806e-01  -3.2547e-03
   1.2942e-01  -2.4637e-01  -2.6028e-02
   2.5988e+00  -1.7067e+00  -6.4667e-01
  -4.0520e-01  -4.2744e-01   6.3362e-01
   6.9701e-02  -2.8080e-01  -4.6025e-02
  -6.2578e+00  -5.0887e+00  -9.4550e+00
  -5.2992e+00  -8.3563e+00  -2.0619e+00
   6.6147e-02  -4.0291e-01  -1.7224e-01
  -2.7887e-02  -6.4883e-03  -3.0404e-02
  -4.5939e-01   6.3638e-01   3.3604e-01
  -1.9182e+00  -3.6996e+00   4.2558e+00
   4.0818e-02  -3.0629e-01  -6.2215e-02
  -1.6780e+00  -1.8445e+00  -6.7265e-01
  -6.3695e+00  -5.1097e+00  -9.6199e+00
   1.7928e-01  -3.4911e-01  -3.9738e-01
   3.9534e+00  -3.4671e+00  -3.2205e-01
  -4.7747e+00  -8.3058e+00  -2.4669e+00
   1.7032e+00  -3.0047e+00  -4.3135e-01
   2.1738e+00  -3.3382e+00  -1.5658e+00
  -9.0791e-01  -2.2861e+00   2.4165e+00
   3.2457e+00  -2.9664e+00  -3.8380e-01
   1.5234e+00  -2.6428e+00  -5.4803e-01
   3.4031e-03  -1.5051e-01  -1.6805e-02
  -3.4735e+00  -4.5562e+00  -1.4384e+00
  -1.3488e+00  -2.1167e+00  -3.7871e+00
   1.5903e+00  -4.6069e+00  -2.0598e+00
   2.8967e+00  -5.0659e+00  -2.0499e+00
  -2.3010e-01  -6.1909e-01  -9.9653e-01
   1.9464e-01  -3.4090e-01  -2.4362e-02
   1.1085e+00  -1.0813e+00  -3.0796e-01
   2.5694e+00  -4.0216e+00  -1.9633e+00
   1.3176e-01  -5.2004e-01  -1.6478e-01
  -2.8626e+00  -4.1022e+00  -1.6443e+00
   1.8255e+00  -1.4646e+00  -4.9851e-01
   2.4764e+00  -1.8017e+00  -7.1808e-01
  -2.3437e+00  -9.4974e+00  -5.2761e+00
   2.8878e-01  -5.1321e-01  -1.1340e-01
   5.4024e-01  -6.2950e-01  -3.1714e-01
  -8.2388e-02  -8.7607e-02   1.1490e-01
  -2.6858e-01   1.1446e-01   1.9982e-01
   2.4564e+00  -1.5886e+00  -6.0175e-01
   1.7343e+00  -1.4095e+00  -4.7728e-01
  -7.6642e-01  -7.0610e-01  -7.2582e-01
  -2.2625e-01  -9.9184e-01   1.4227e-01
   1.6156e+00  -1.3845e+00  -4.0484e-01
   1.7657e+00  -1.3192e+00  -5.7992e-01
   4.9367e-01  -6.4481e-01  -2.0880e-01
   5.1350e-01  -8.9812e-01   3.1095e-01
   1.7608e-01  -2.6548e-01   7.8123e-02
   7.2814e-02  -2.0767e-01   1.1472e-01
   2.0483e+00  -4.1268e+00  -5.0837e-01
   2.0392e+00  -2.1904e+00  -1.4304e+00
   2.3096e+00  -1.6644e+00  -6.4304e-01
   1.1990e+00  -1.1317e+00  -3.5784e-01
  -7.9784e-03  -1.5915e-01  -6.0445e-03
   1.0948e+00  -9.7972e-01  -3.6331e-01
   2.2096e+00  -3.2951e+00  -1.5085e+00
   7.5891e-01  -8.9793e-01  -3.8515e-01
   2.7076e+00  -4.9607e+00  -1.9725e+00
   3.1742e-01  -3.1150e+00   2.1325e+00
   1.5809e-01  -3.2837e-01  -1.2343e-01
   2.1032e+00  -1.8579e+00  -1.0567e+00
   1.3655e+00  -2.4681e+00  -4.6434e-01
  -2.2480e+00  -3.7932e+00  -8.4805e-01
   1.5769e+00  -1.2245e+00  -4.4928e-01
   1.4708e+00  -1.7841e+00  -1.1751e+00
  -3.0586e+00  -3.7982e+00  -4.2464e-01
   1.8855e+00  -3.9748e+00  -4.6508e-01
  -5.9382e+00  -5.0991e+00  -9.6711e+00
   2.5522e+00  -1.9948e+00  -6.9088e-01
   2.0937e+00  -2.6801e+00  -1.4853e+00
   3.4404e-01  -4.8200e-01  -1.1431e-01
   4.2224e-01  -2.8597e-01   1.8877e-02
   1.7149e-02  -6.9434e-01   5.3251e-01
  -6.0511e+00  -5.9694e+00  -9.2014e+00
  -3.8983e+00  -5.2375e+00  -1.2163e+00
  -4.6798e+00  -4.1813e+00  -7.7518e+00
  -4.8160e+00  -5.9120e+00  -1.5597e+00
   1.9985e+00  -2.7141e+00  -1.5619e+00
   3.7610e-01  -7.8372e-01  -1.7144e-01
   1.9591e+00  -1.5577e+00  -5.4533e-01
   1.2427e+00  -1.0763e+00  -3.7720e-01
   1.9713e+00  -1.4728e+00  -8.1042e-01
  -1.8702e+00  -4.0584e+00  -1.1216e+00
   2.1825e-01  -3.1804e-01   1.9718e-03
   3.8730e-01  -5.6926e-01  -1.7736e-01
   1.9392e+00  -1.4843e+00  -5.4307e-01
   8.2183e-02  -8.5235e-02  -9.7281e-02
  -3.3876e-01   1.2267e-01   1.4348e-01
   1.7516e+00  -2.4421e+00   5.4908e-01
   1.5809e+00  -1.3840e+00  -3.8173e-01
   2.3887e+00  -1.9612e+00  -1.0792e+00
   1.5473e+00  -5.2910e+00  -2.0493e+00
   2.6392e+00  -1.8239e+00  -8.2016e-01
  -4.2539e+00  -7.2173e+00  -5.5498e+00
   2.0838e+00  -1.5696e+00  -6.2308e-01
  -1.3572e+00  -1.6034e+00  -3.0167e-01
  -6.5382e-01  -4.0404e-02  -3.9335e-01
  -9.0383e-04  -1.4392e-02  -2.6451e-02
  -4.0141e+00  -4.9007e+00  -8.0574e-01
   1.8375e+00  -1.4536e+00  -7.8989e-01
  -3.1097e+00  -4.3928e+00   5.8040e-01
   2.5878e+00  -4.4407e+00  -1.8008e+00
  -5.7545e+00  -5.3380e+00  -6.3508e+00
   2.4704e-01  -2.6946e-01   3.4506e-02
   2.2036e-02  -7.9573e-02  -2.9059e-03
   1.1878e-01  -1.8852e-01   8.2213e-02
  -3.2945e-02   1.7978e-02   7.1651e-03
   4.5057e-01  -5.4799e-01  -1.8419e-01
  -2.2403e+00  -4.3902e+00  -1.2272e+00
   8.7215e-01  -9.9296e-01  -1.9987e-01
  -5.0281e+00  -4.4343e+00  -8.3775e+00
  -6.9323e-02  -1.0037e-01   5.5954e-02
  -1.0057e+00  -2.6283e+00   2.7594e+00
   1.3765e+00  -1.2315e+00  -3.3777e-01
   3.2422e+00  -2.0069e+00  -8.9264e-01
   2.4674e+00  -4.4926e+00  -1.2240e+00
  -3.9302e+00  -5.0476e+00  -1.3096e+00
  -3.8656e+00  -4.5518e+00  -1.1785e+00
  -3.8561e+00  -4.9965e+00  -1.4560e+00
  -3.9781e+00  -4.9616e+00  -1.4936e+00
   9.4252e-01  -8.4814e-01  -2.9100e-01
   3.9937e-01  -6.5956e-01  -2.1475e-01
   4.4960e-01  -5.6997e-01  -1.5541e-01
  -3.7655e+00  -4.9346e+00  -1.3368e+00
  -2.8333e-01  -5.8330e-01   6.2107e-01
   6.9331e-01  -9.4488e-01  -1.5196e-01
  -5.2043e+00  -4.1796e+00  -8.7331e+00
   2.9413e+00  -2.5272e+00  -4.6075e-01
   1.0673e+00  -1.7596e+00  -1.5645e+00
   2.3250e+00  -4.1960e+00  -2.1777e+00
   1.7880e+00  -1.4752e+00  -3.5823e-01
  -1.8194e+00  -4.3742e+00  -9.0404e-01
   2.4212e+00  -1.7471e+00  -5.9182e-01
   2.1326e+00  -1.5392e+00  -6.0272e-01
   1.4121e+00  -1.4389e+00  -3.0088e-01
  -4.8481e-01  -7.5251e-01   9.9166e-01
  -3.0221e+00  -7.3175e+00  -4.9644e+00
  -2.9265e+00  -4.5591e+00  -1.2922e+00
   1.6113e+00  -2.7628e+00  -4.7289e-01
   5.5285e-02  -4.4055e-02   2.0602e-03
   1.9885e+00  -1.8700e+00  -1.0490e+00
   2.5493e+00  -1.3781e+00  -8.5081e-01
   1.8955e-02  -1.5603e-02  -2.0581e-02
   9.1780e-01  -8.3867e-01  -2.3345e-01
  -6.0555e-01  -7.2764e-01  -7.1151e-01
   7.7631e-03  -7.3520e-02  -2.2340e-02
   1.5001e+00  -1.5043e+00  -1.4457e-01
   2.6495e+00  -3.3460e+00   6.1793e-01
  -1.1077e+00  -4.1359e-01  -9.9395e-01
  -5.3616e+00  -8.2826e+00  -2.0801e+00
   9.1241e-02  -2.2749e-01  -5.0052e-02
   1.3769e-01  -2.1990e-01  -1.0427e-01
  -2.9619e-01  -5.1372e-01   7.0879e-02
  -5.2702e+00  -6.3887e+00  -1.5384e+00
  -3.9854e+00  -7.1844e+00  -4.3818e+00
   1.5812e-01  -3.7565e-01  -7.8387e-02
   1.9173e+00  -1.3847e+00  -4.8208e-01
   1.0418e-01  -8.0604e-02   1.1138e-01
  -1.0762e+00  -2.6037e+00  -1.2090e+00
   1.0157e+00  -3.2267e+00  -1.3310e+00
  -4.8837e+00  -5.5625e+00  -1.6038e+00
   2.5007e+00  -1.7598e+00  -7.6318e-01
   3.0565e-02  -1.4455e+00  -7.9829e-01
  -4.0493e+00  -5.2949e+00  -1.2660e+00
  -3.5807e+00  -5.5916e+00  -9.0967e+00
  -3.0076e-02  -2.6831e-01  -1.1061e-01
   5.2299e-01  -2.5836e+00  -1.3398e+00
   1.2760e-01  -1.3923e-01   1.8185e-02
  -3.4471e-02  -2.8350e-01  -8.8279e-02
   1.1894e-02  -6.1752e-03  -7.6605e-03
  -1.2303e+00  -2.6830e+00   2.9656e+00
  -1.4806e+00  -3.0349e+00   3.4151e+00
  -9.1757e-03  -7.9905e-03  -1.7741e-02
   4.5799e-01  -9.3493e-01  -1.1651e-01
   4.7391e-01  -5.2827e-01   7.0492e-02
  -1.0827e+00  -2.3093e+00   2.5886e+00
  -2.6194e+00  -4.7683e+00  -7.1543e-01
  -5.6909e+00  -6.4316e+00  -1.9781e+00
  -2.0774e-02  -1.6646e-01   1.2676e-02
  -2.3356e+00  -3.6201e+00  -6.6339e-01
   1.7495e-01  -1.9770e-01   2.7053e-02
  -2.1684e-02  -1.7512e-02  -3.6530e-02
  -1.8052e+00  -3.5678e+00   3.9746e+00
   9.9225e-01  -1.8494e+00  -8.9313e-01
   2.0703e+00  -2.5786e+00   2.8876e-01
   1.4688e-01  -1.1884e-01  -1.0077e-02
   8.2132e-02  -2.9765e-01  -6.9290e-02
   1.6617e-02  -4.9464e-02   1.3781e-02
   6.5774e-02  -1.9483e-01  -2.1908e-02
  -1.5470e-01  -2.9137e-01   9.3558e-02
  -5.2461e+00  -8.3687e+00  -1.9386e+00
   1.8266e+00  -2.2092e+00   1.3212e-01
  -5.3376e+00  -8.2704e+00  -2.0204e+00
   1.2877e+00  -3.0421e+00   1.2200e+00
  -4.6863e-01  -2.6150e+00   2.3808e+00
   2.3221e-02  -7.0721e-02   5.9323e-02
   8.5724e-03  -3.2518e-01  -4.5563e-02
  -4.7344e+00  -5.6570e+00  -1.0269e+00
   2.0418e-01  -7.4782e-01   4.3138e-01
  -5.0244e+00  -5.9358e+00  -1.1067e+00
   1.4692e-01  -3.0254e-01  -1.1976e-01
  -2.2166e+00  -6.3340e+00  -9.2928e+00
  -6.5096e-01  -2.9098e+00  -1.2957e+00
   1.6030e+00  -2.7759e+00   7.7220e-01
  -1.2057e-01  -4.2077e+00  -1.7063e+00
   1.2121e+00  -1.4158e+00  -4.3246e-01
   1.3545e-01  -1.5153e-01   2.2536e-02
  -5.3273e+00  -6.2731e+00  -1.2196e+00
  -2.3517e-01   7.4339e-02   1.3929e-01
   1.2147e-01  -2.0768e-01   7.5757e-02
  -5.3414e-01  -2.2674e+00  -1.1852e+00
   1.4693e+00  -1.3818e+00  -4.7205e-01
  -2.9599e+00  -3.9066e+00  -6.4506e-01
   2.2938e+00  -1.6881e+00  -4.3024e-01
  -3.0388e+00  -3.9510e+00  -1.2397e+00
   1.6625e-01  -2.6984e-01  -7.9712e-02
  -3.3113e-01  -2.8155e+00   2.2274e+00
  -1.4307e+00  -3.1144e+00  -1.1772e+00
   2.0267e+00  -1.6130e+00  -8.1233e-01
  -1.0886e+00  -1.0803e+00  -2.5619e-01
   2.6677e-01  -3.4571e-01   6.0493e-02
   3.9335e-02  -2.4421e-01  -8.4458e-02
   1.5644e-01  -2.9459e-01  -9.9773e-02
  -5.7506e+00  -5.1023e+00  -9.0113e+00
  -4.8128e-01  -7.9307e-01   1.0939e+00
  -7.1576e-01  -4.7838e+00  -1.5173e+00
   7.8896e-01  -1.6490e+00   5.8079e-01
  -1.1409e-02  -1.3535e-01  -2.5902e-02
   9.3388e-01  -1.4738e+00  -8.5455e-01
  -7.9869e-01  -2.8029e+00   2.5970e+00
   2.2976e+00  -1.7113e+00  -8.0419e-01
  -2.0990e+00  -4.4901e+00  -6.0577e-01
  -4.6699e+00  -5.0762e+00  -8.7422e+00
  -2.9488e-01   1.8744e-01   1.9132e-01
  -2.5665e-01  -4.3181e-01  -3.9279e-02
   2.1258e+00  -1.3170e+00  -5.8382e-01
   5.7066e-02  -1.2182e-01  -1.3663e-02
   7.5210e-01  -5.7222e-01  -2.0177e-02
   7.5076e-01  -1.4497e+00   4.1499e-01
   4.6043e-01  -1.2575e+00   4.7768e-01
  -2.5061e+00  -4.5458e+00  -6.3402e-01
   1.3245e-01  -1.6793e-01  -4.2134e-02
  -1.4827e+00  -3.7462e+00   5.3562e-01
   2.3455e+00  -1.8551e+00  -9.4086e-01
   1.2344e-01  -2.0073e-01  -6.0443e-02
   4.3543e-02  -7.9775e-02  -1.6654e-02
  -6.3839e+00  -5.1364e+00  -9.3200e+00
   1.1192e+00  -9.2279e-01  -3.0021e-01
   2.7780e-01  -6.4322e-01  -4.3364e-02
   9.6234e-02  -3.5775e+00  -1.5234e+00
   1.9536e+00  -2.1989e+00   6.7470e-02
  -4.6030e+00  -3.9907e+00  -6.3897e+00
  -1.7459e-02  -1.0195e-01  -5.5217e-02
  -1.3387e-01  -8.1182e-02   1.3420e-01
  -1.4479e+00  -2.5962e+00   2.9869e+00
  -2.2910e-01  -3.6985e-01  -3.4199e-01
   4.6374e-02  -2.5618e-01  -8.4237e-03
  -5.3880e+00  -4.8157e+00  -8.1856e+00
  -3.1772e-02  -9.4482e-02  -8.6113e-03
   9.1287e-01  -7.2332e-01  -6.7501e-02
   1.5637e+00  -1.2450e+00  -5.6090e-01
   1.0367e-02  -7.7786e-03  -8.4491e-04
   1.6822e-01  -1.3821e-01  -1.3785e-02
   4.2770e-01  -2.2234e+00   7.0518e-02
   1.0802e-01  -2.5120e-01  -8.2853e-02
  -2.9734e+00  -3.9522e+00  -1.2060e+00
  -5.9967e-01  -6.2712e-01  -5.4575e-01
  -3.3297e-01  -5.4774e-01  -9.5688e-01
  -4.0363e+00  -3.4291e+00  -5.6099e+00
  -2.0057e-02  -2.0140e-01   8.8711e-02
   7.8834e-01  -7.7543e-01   3.4991e-02
   5.8743e-02  -1.5055e-01   7.9182e-02
  -2.6079e-01   1.0762e-01   1.3423e-01
   6.8708e-02   4.8445e-01   5.1805e-01
   3.3007e-01  -2.0149e-01  -9.4393e-02
   1.9724e-01  -1.1799e-01  -5.0337e-02
  -8.4106e-03   1.0364e-02  -2.1389e-03
   7.1781e-03  -3.3147e-03  -6.1518e-03
  -1.0040e+00  -1.6613e+00   5.6957e-02
  -6.5901e-01  -6.3789e-01  -1.3710e+00
  -2.8080e+00  -2.7222e+00  -5.3934e+00
  -1.3071e+00  -2.5834e+00   2.9415e+00
  -4.0767e+00  -8.4928e+00  -5.3040e+00
   8.8657e-02  -4.7221e-02  -2.5739e-02
   2.0716e+00  -1.1295e+00  -6.8490e-01
   7.9252e-02  -4.0552e-02  -2.1166e-02
   4.9143e-02  -2.4101e-01  -3.4253e-01
   8.5191e-02  -1.3560e-01  -1.5573e-01
  -8.5114e-02  -6.8224e-02   1.2004e-02
  -2.3699e-01  -2.8534e-01  -1.3215e-01
   1.4609e-01  -8.7008e-02  -4.0595e-02
   4.6495e-01  -2.6567e-01  -1.4332e-01
   6.8708e-02   4.8445e-01   5.1805e-01
   6.4056e-01  -3.4964e-01  -2.0317e-01
  -4.2486e-01  -9.9575e-01   1.0264e+00
   4.8602e-02  -9.1859e-02  -1.1069e-01
   3.4526e-01  -1.9964e-01  -9.6119e-02
   4.1635e+00  -2.4880e+00  -1.2167e+00
   2.4486e+00  -1.4220e+00  -8.9508e-01
  -1.4518e+00  -1.4909e+00  -2.9555e+00
  -1.4429e+00  -3.1959e+00   3.5195e+00
  -5.7524e+00  -5.8059e+00  -3.8282e+00
  -8.0881e-02   3.5736e-01   2.9318e-02
  -1.8214e-01   3.2818e-01   2.4206e-01
  -1.1374e-01   2.4395e-01   3.3180e-02
   1.6588e-01  -8.9941e-02  -4.5441e-02
   3.4787e+00  -1.9246e+00  -1.0962e+00
   2.1592e+00  -1.5512e+00  -5.1739e-01
  -4.9878e+00  -3.8211e+00  -8.1032e+00
   2.2305e-01  -1.2729e-01  -6.3871e-02
   1.0476e+00  -5.7638e-01  -4.4564e-01
  -3.9860e+00  -3.5669e+00  -7.1765e+00
   5.4890e-02  -4.2922e-01  -3.0553e-02
   4.4367e+00  -2.6030e+00  -1.5158e+00
   1.3441e-01  -4.4980e-02  -5.2479e-02
   8.0150e-01  -4.5645e-01  -2.4601e-01
   1.0062e-01  -1.9876e-01  -2.0789e-01
   1.2219e-01  -2.9184e+00   2.1290e+00
   2.1193e-01  -3.1217e-01  -3.3886e-01
   1.3550e+00  -7.3807e-01  -4.2947e-01
   6.8708e-02   4.8445e-01   5.1805e-01
   9.0169e-03   2.3327e-02   2.7355e-02
   2.4214e-01  -4.6868e-01   1.8182e-01
   4.9520e-01  -2.8418e-01  -1.5141e-01
   8.4636e-01  -5.0390e-01  -4.6106e-01
   8.0991e-01  -4.2589e-01  -2.6540e-01
  -5.7700e-02  -2.3641e-01   2.3836e-01
   1.3733e-01  -1.6223e-01  -1.5717e-01
   1.3051e-01  -1.1297e-01  -1.0765e-01
   1.2549e-01  -2.0621e-01   8.2089e-02
   1.5138e-01  -6.9915e-02  -4.1205e-02
   2.2738e-01  -1.3968e-01  -6.1305e-02
   1.0728e-01  -1.2670e-01  -1.3513e-01
   1.8814e-01  -1.0565e-01  -5.6837e-02
   5.2442e-02  -8.2206e-01  -1.1748e+00
  -2.6814e+00  -3.1938e+00  -1.1802e+00
   6.2008e-02  -8.4215e-03   2.5242e-03
   1.6982e+00  -1.0301e+00  -6.9640e-01
   1.9435e-02  -2.3667e-02  -3.8554e-02
   1.4995e+00  -8.4387e-01  -4.7578e-01
   2.8846e+00  -1.5727e+00  -9.1981e-01
  -1.7648e+00  -2.8235e+00  -4.9765e+00
   2.9413e+00  -3.4815e+00  -3.5464e+00
   4.9998e-01  -2.3189e-01  -1.5196e-01
  -3.2003e-01  -3.1022e-01  -7.9298e-01
   1.9571e-01  -1.1405e-01  -5.8866e-02
  -1.6619e+00  -2.2792e+00  -4.1507e+00
   2.8472e+00  -1.5468e+00  -9.0492e-01
   7.4784e-01  -9.1376e-01  -9.4815e-01
   1.1120e-02   1.6962e-01  -4.6677e-02
  -2.4872e-01   2.4911e-02   1.4159e-01
  -5.9672e+00  -6.6140e+00  -1.9227e+00
   3.2208e-01  -1.8469e-01  -9.2697e-02
   8.3427e-02  -1.2271e-01  -1.3246e-01
  -2.8367e+00  -2.3208e+00  -4.8557e+00
   2.9002e-02  -1.0743e-01   6.5333e-02
  -5.7572e+00  -4.6911e+00  -9.7768e+00
   5.9826e-01  -3.2259e-01  -1.9952e-01
  -4.4585e+00  -3.7936e+00  -7.7870e+00
   1.5275e+00  -8.3584e-01  -4.7907e-01
   1.3368e-01  -7.5246e-02  -3.6184e-02
  -5.3469e+00  -6.1201e+00  -1.5642e+00
   1.3425e-01  -1.7220e-01  -1.7104e-01
   4.1892e+00  -2.4328e+00  -1.4491e+00
   2.9669e+00  -3.8554e+00   7.0180e-01
  -2.1630e+00  -1.8943e+00  -3.8561e+00
   7.8030e-03   8.2234e-03  -1.8453e-03
  -6.3917e-01   1.5334e+00   1.9666e-01
  -1.2456e-02  -2.0193e-01  -1.2096e-02
   5.9236e-01  -4.0954e-01  -3.4449e-01
   4.9402e-03  -1.0950e-02  -3.4843e-02
   1.4988e+00  -8.4088e-01  -4.7246e-01
   3.0902e+00  -3.7216e+00  -3.8262e+00
   8.8574e-02  -1.2002e-01   5.4445e-02
   1.5827e+00  -9.0642e-01  -4.9751e-01
   9.7680e-02  -1.2337e-01  -1.0989e-01
   1.0431e-01  -1.1368e-01  -1.2209e-01
   8.8586e-01   9.3349e-02  -3.3628e-01
  -6.2183e-01  -8.2613e-01  -1.1768e+00
   1.1501e+00  -1.0786e+00  -2.7567e-01
  -1.0207e+00  -1.0498e+00  -1.8471e+00
   3.2656e+00  -2.0751e+00  -8.6818e-01
   2.9664e+00  -1.7113e+00  -1.0355e+00
   1.2483e-01  -2.5523e-01  -1.7938e-02
   1.0082e-01  -3.1047e-01  -5.1895e-02
  -8.6887e-02  -1.9455e-01  -5.7871e-03
   3.5269e-01  -4.8175e-02  -1.3460e-01
  -2.8494e-03  -3.5413e-03  -8.0012e-04
   3.5178e-01  -2.3014e-01   1.0590e-01
   1.7269e-01  -2.2987e-01   5.5765e-02
  -6.0145e+00  -6.6380e+00  -1.8287e+00
  -5.5887e+00  -6.4950e+00  -1.7186e+00
  -1.4958e-01  -8.9690e-01   7.6687e-01
  -6.2920e+00  -6.2883e+00  -5.2141e+00
  -3.0918e-01   9.0186e-02   1.5333e-01
   1.4465e-01  -1.6784e-01  -6.0897e-04
  -4.5649e-01  -1.3358e+00   1.0941e-01
  -6.1251e+00  -6.2527e+00  -3.9309e+00
   1.3000e-01  -4.4640e-01  -6.5345e-02
   3.7692e-01  -4.7699e-01   1.0260e-02
   3.5426e-02  -1.7337e-01  -3.5633e-02
  -1.2973e+00  -2.7781e+00   3.0853e+00
   1.9323e+00  -1.3535e+00  -3.9535e-01
   1.6366e-01  -2.4968e-01  -6.8995e-02
   1.1056e-01  -2.3381e-01  -7.4487e-02
  -4.6352e+00  -5.7016e+00  -8.7719e+00
   2.2000e+00  -1.4803e+00  -7.2271e-01
   9.9759e-02  -1.7052e-01  -8.0424e-02
   8.9958e-02  -2.5735e-01  -1.0471e-03
   6.2646e-01  -6.5289e-01  -3.4800e-01
   2.2370e-02  -9.9763e-02  -2.2064e-03
  -3.1248e+00  -3.9407e+00  -7.6127e-01
  -2.3717e-01  -1.3310e+00  -1.1202e+00
   4.2392e-02  -1.9307e-01  -4.4340e-02
   7.9650e-02  -1.8800e-01  -4.2781e-02
   3.3111e+00  -1.9527e+00  -9.6872e-01
  -4.4464e+00  -5.4646e+00  -8.2616e+00
  -4.7238e-01  -1.4462e+00  -1.2504e+00
  -4.6566e+00  -5.4721e+00  -1.6452e+00
   4.0239e-01  -7.2425e-01  -1.3255e-01
  -5.1863e-02  -2.5200e-01   2.5768e-01
  -3.2441e-01  -1.6633e+00  -2.3818e+00
  -5.3194e+00  -6.0948e+00  -1.4537e+00
  -1.3130e+00  -2.5594e+00   2.9510e+00
   6.0577e-02  -8.5713e-02  -9.9165e-02
  -3.7684e-01  -4.9290e-01  -5.3872e-01
   3.5279e-02  -1.0697e-01  -1.0381e-02
   3.7054e-02  -8.9562e-02   4.9578e-02
  -1.7061e+00  -3.4797e+00   3.9251e+00
   4.7443e-01  -2.6712e-01  -2.4630e-01
  -6.0024e+00  -6.3123e+00  -4.0307e+00
  -4.5968e-02   2.4339e-01  -9.5626e-03
   5.3584e-02  -1.6524e-01   9.5417e-02
   1.5657e+00  -9.8714e-01  -4.0322e-01
  -3.6451e-03  -1.1461e-01   2.8055e-02
   4.5441e-01  -5.1566e-01  -2.2212e-01
   1.5102e-02   7.2654e-03  -7.8719e-03
   4.6599e-01  -5.3321e-01   7.0957e-02
   1.0295e-01  -2.2622e-01  -6.0872e-02
   1.0800e-01  -2.6699e-01  -3.6062e-02
   1.2644e-01  -1.2537e-01  -1.2263e-01
   5.5858e-02  -1.0589e-01  -2.0712e-02
  -4.8582e-01  -7.2776e-01  -8.7541e-01
   1.5114e+00  -1.4094e+00  -4.2333e-01
   7.2170e-02  -2.3457e-01  -2.5893e-02
   2.6742e-01  -1.4109e-01  -8.1364e-02
   4.2575e-01  -2.5164e-01  -1.2240e-01
  -1.6871e+00  -1.2879e+00  -2.2928e+00
   1.2297e-01  -2.4447e-01  -4.8015e-02
  -2.0747e-01  -3.6647e-01   7.8559e-02
  -2.8972e+00  -3.9130e+00  -9.3200e-01
  -2.4381e+00  -3.7949e+00  -8.4518e-01
  -4.0631e-02  -3.0127e-01   2.7629e-01
   4.4527e-02  -7.4616e-02  -1.0788e-02
  -2.3137e+00  -4.0161e+00  -5.9073e-01
  -5.2408e-01  -7.7517e-01   1.0010e+00
  -1.9289e+00  -1.7377e+00  -3.5056e+00
   1.2533e-01  -6.7993e-02  -2.9139e-02
   6.3458e-02  -9.6939e-02  -1.1232e-01
   1.2406e-01  -1.7396e-01  -1.7646e-01
  -7.2964e-02  -4.4055e-01  -6.9363e-01
  -2.2147e+00  -1.9520e+00  -3.9609e+00
  -2.0015e-01  -4.1918e-01  -7.1630e-01
   3.2159e-02  -6.6765e-02   3.8628e-02
   6.7837e-02  -1.6464e-01   8.6329e-02
   1.5572e-01  -1.2479e-01  -8.8580e-02
   8.3033e-03  -1.3481e-01  -1.5913e-02
   1.8498e-01  -2.4084e-01   5.4908e-02
   4.9316e-02  -6.7589e-02   2.0877e-02
  -6.9905e-03  -1.3575e-02  -1.9165e-02
  -4.5629e+00  -5.7802e+00  -8.7627e+00
   3.2311e-02  -2.2100e-01  -5.3066e-02
   3.9334e-02  -8.4017e-02   4.1235e-02
  -6.3733e+00  -7.1160e+00  -1.9548e+00
   2.2893e-02  -1.0411e-01  -2.0525e-02
   2.4401e-01  -2.5136e-01   7.0034e-02
   9.8065e-04  -1.2212e-02  -2.7227e-02
   4.0588e-02  -9.5484e-02  -4.1670e-02
   1.7674e-02  -3.6471e+00  -1.5076e+00
  -2.9594e-04  -6.3535e-02  -1.5974e-02
  -1.8240e+00  -3.4378e+00   3.9635e+00
  -2.1651e-01  -1.0373e+00   9.0249e-01
   2.1878e-01  -2.6524e-01   4.8897e-02
   2.3187e-03  -4.2527e-02  -5.2188e-04
  -5.4049e-01  -8.4037e-01  -7.7011e-03
   6.6262e-01  -1.2788e+00   4.7782e-01
  -4.8711e+00  -4.1980e+00  -7.6928e+00
  -8.3022e-03  -5.2495e-02  -9.4962e-03
  -5.0468e-01  -5.9773e-01   9.8561e-01
  -2.7845e+00  -3.8420e+00  -1.0489e+00
   1.2804e+00  -2.0687e+00   5.3150e-01
   1.1385e-01  -2.4237e-01   9.3380e-02
   4.5679e-02  -2.0272e-01  -9.3120e-03
   7.5692e-01  -5.8993e-01  -1.2221e-01
   2.7367e-02  -9.0855e-02   5.2659e-02
   2.6704e-02  -9.5983e-02  -5.2324e-02
  -1.6849e+00  -3.5505e+00   3.9670e+00
   1.0484e-01  -1.6517e-01   4.7831e-02
  -3.4473e+00  -4.5524e+00  -1.1516e+00
  -3.3406e+00  -3.9261e+00  -4.8276e-01
  -2.1029e-02  -6.4849e-03  -2.0896e-02
   6.1789e-01  -2.0249e+00   1.0719e+00
  -5.2314e-03  -9.9855e-02   2.0599e-03
   2.8985e-02  -7.0798e-02   4.4238e-02
  -3.0406e+00  -3.6901e+00  -1.7428e-01
   2.6510e+00  -4.0542e+00  -1.8049e+00
   1.4986e+00  -1.1479e+00  -2.1026e-01
   2.0586e-02  -1.0650e-01  -6.6108e-02
   2.5348e-02  -1.5427e-01  -4.6276e-02
   3.4076e-01  -1.0040e+00   5.2318e-01
  -6.1709e-01  -5.4966e-01  -7.5765e-01
   8.3937e-02  -2.0581e-01  -2.6844e-02
   2.5074e-02  -8.7361e-02  -3.0765e-02
   9.6292e-02  -2.9574e-01  -3.2687e-02
   1.1066e-01  -3.0347e-01  -8.8825e-02
   2.5551e-02  -1.5182e-01  -2.9849e-02
  -6.8206e-01  -1.8802e+00  -6.2750e-01
   8.3876e-02  -1.8692e-01  -5.0997e-02
   1.9698e-02  -4.4450e-02  -8.0341e-02
   6.8176e-02  -1.8339e-01   4.2916e-03
  -1.4354e-01  -5.7746e-01   5.9757e-01
   1.9651e-01  -1.7607e-01  -1.5929e-01
   3.7058e-02  -1.8205e-01  -3.9294e-02
  -1.8665e-02   2.4393e-02   2.4007e-02
   3.4377e-01  -3.1434e-01  -1.9937e-02
   9.9623e-02  -2.5920e-01  -5.4430e-02
  -5.3365e+00  -6.0922e+00  -1.5433e+00
  -1.5821e+00  -3.2001e+00  -1.3205e+00
   5.7582e-02  -7.5371e-02  -7.9390e-02
   1.4588e-01  -3.4361e-01  -1.9464e-01
   1.4589e-02  -1.0566e-02  -8.5115e-03
   5.9170e-01  -5.2268e-01  -2.2076e-01
   7.0231e-02  -8.3555e-02   1.9438e-02
   7.7661e-02  -2.4012e-01  -2.5833e-02
   1.1938e-01  -3.3509e-01  -7.6363e-02
  -2.3019e-01  -3.8141e-02   3.4064e-01
  -9.1408e-03  -4.5953e-02   4.2246e-05
  -9.6446e-03  -1.6889e-01  -2.0075e-02
   8.4007e-02  -2.5471e-01  -3.2793e-02
   1.2635e-01  -1.2094e-01  -1.2007e-01
   1.9060e-01  -2.1930e-01   4.1693e-02
  -5.4902e-02  -1.3225e-01   3.6806e-02
  -3.1181e+00  -4.0445e+00  -1.3732e+00
   7.5671e-02  -1.4097e-01  -4.3859e-02
   1.3646e+00  -8.9830e-01  -3.2663e-01
   1.0335e-01  -1.9526e-01  -3.8464e-02
  -2.2500e-01  -6.0880e-01  -5.6820e-01
  -4.2353e+00  -5.0107e+00  -9.9921e-01
   8.9400e-02  -1.4018e-01   5.3861e-02
   7.6964e-02  -1.6270e-01   2.8251e-02
   3.0238e-02  -2.1060e-02  -5.8323e-02
  -4.3922e-01  -7.1590e-01  -7.6417e-01
  -5.9810e+00  -4.8387e+00  -8.9975e+00
  -4.2835e+00  -5.4220e+00  -1.4871e+00
   7.1641e-02  -2.0835e-01   3.2442e-02
   2.5329e+00  -3.2227e+00   5.7184e-01
   2.1970e-02  -1.4742e-01  -1.9159e-02
  -3.5112e-01   3.3542e-02   1.0020e-01
   1.3628e+00  -1.0694e+00  -3.6534e-01
   3.2999e-01  -3.7925e-01   1.1938e-01
   8.7468e-01  -3.8343e-01  -3.4636e-01
  -5.2687e+00  -4.2814e+00  -8.2200e+00
   1.1031e-01  -1.7020e-01   5.4778e-02
  -2.9181e-01   7.4071e-02   1.7295e-01
   1.9160e+00  -3.9923e+00  -4.5109e-01
   9.2411e-01  -6.7124e-01  -1.3500e-01
   2.7968e+00  -4.9768e+00  -1.7968e+00
  -6.3956e-02  -4.8238e-01   4.2341e-01
  -1.9196e+00  -5.0906e+00  -8.3940e-01
   9.3235e-02  -3.0374e-01  -5.3680e-02
  -5.9477e-01  -1.1482e+00   1.3482e+00
   2.1145e+00  -1.6274e+00  -5.9057e-01
   1.1759e-01  -2.7779e-01  -3.1579e-02
  -1.0658e+00  -1.2802e+00  -3.0778e-01
   4.5959e-03  -1.4856e-01  -2.7239e-02
  -5.0928e+00  -4.3308e+00  -7.2114e+00
  -1.7892e+00  -3.6218e+00   3.9453e+00
  -5.6146e-02  -2.9336e-01   2.8202e-01
   1.2196e-02  -3.1768e-01   2.5451e-01
   1.8858e+00  -1.4511e+00  -5.0404e-01
  -3.9511e-02  -1.5360e-01   9.1933e-02
  -6.9858e-02  -2.2158e-01  -8.9831e-02
  -1.7691e+00  -1.2358e+00  -2.8567e+00
  -1.6155e+00  -3.1923e+00   3.6508e+00
  -1.1101e+00  -2.4594e+00   2.7234e+00
   1.5750e+00  -1.4732e+00  -1.7774e-01
  -1.6214e+00  -3.3795e+00   3.6299e+00
  -5.6480e-01   2.8529e-01  -6.0035e-02
   2.7457e+00  -2.2967e+00  -3.5090e-01
   3.3627e+00  -3.5494e+00   1.8310e-01
  -8.3664e-01  -2.3994e+00   2.4733e+00
   2.3226e-01  -2.2495e-01  -2.0113e-01
  -9.9559e-01  -1.1698e+00  -3.6704e-01
  -1.8687e+00  -2.3226e+00  -4.8790e-01
  -1.4800e+00  -2.0011e+00  -6.7820e-03
   2.9081e-01  -2.6674e-01   8.5658e-02
   1.1988e+00  -1.0692e+00  -2.3811e-01
  -1.8636e-01  -1.9752e-01   3.6805e-01
  -1.3188e-01  -4.6437e-01   4.6010e-01
  -1.2613e+00  -2.6545e+00   2.9773e+00
  -3.5490e+00  -4.4130e+00  -2.3504e-01
  -1.1442e-01  -3.1824e-01   1.4926e-01
  -2.3052e+00  -2.8515e+00  -4.7116e-01
  -8.0956e-02  -1.5198e-01  -3.2791e-02
  -1.7913e+00  -3.3728e+00   3.9199e+00
  -6.2707e+00  -6.6239e+00  -3.5487e+00
  -2.0739e-01  -2.9143e+00   2.3853e+00
  -5.7025e+00  -6.5541e+00  -1.5624e+00
  -1.2238e-01  -2.5628e-01   3.6796e-01
  -5.7652e+00  -4.7866e+00  -8.5390e+00
  -2.2923e-01   2.2822e-01   1.3775e-01
   1.2686e-01  -3.1554e-01  -6.0448e-02
  -3.6335e+00  -4.5723e+00  -1.7569e-01
   7.9223e-02  -2.9293e-01  -6.2418e-02
  -1.3516e+00  -2.6955e+00   2.9761e+00
   7.2055e-02  -2.0528e-01   9.6130e-02
  -6.6362e+00  -7.8031e+00  -1.4301e+00
   1.7517e-01  -1.9457e-01   2.5237e-02
  -5.3438e+00  -4.6617e+00  -7.0368e+00
   5.2442e-02  -8.2531e-02   3.4211e-02
  -1.0308e+00  -2.2643e+00   2.4879e+00
  -3.3960e+00  -4.0053e+00  -5.5149e-01
  -5.4916e+00  -6.5012e+00  -1.1282e+00
  -1.3084e+00  -1.7300e+00   4.2265e-02
  -4.0076e+00  -4.8312e+00  -8.5412e-01
  -1.2156e-01  -3.7848e-01   2.4575e-01
  -9.1716e-02  -2.5189e-01   1.2532e-01
  -1.3450e+00  -1.7431e+00  -4.1465e-02
  -1.5323e+00  -3.2085e+00   3.5709e+00
  -2.8057e+00  -3.5662e+00  -3.1755e-01
   1.4125e-01  -3.1205e-01  -7.7224e-02
  -5.7199e+00  -5.5042e+00  -5.6042e+00
  -1.3168e+00  -2.8436e+00   3.1435e+00
  -9.8850e-01  -1.9753e+00   2.1198e+00
  -1.3395e+00  -1.8409e+00   5.6952e-02
   6.0782e-02  -7.8611e-02  -4.8158e-02
  -1.8417e-01  -4.3410e-01   2.6838e-01
  -1.2496e+00  -2.4871e+00   2.7174e+00
  -5.7551e+00  -6.0021e+00  -3.7243e+00
  -1.2543e-01  -3.8884e-01   2.8387e-01
  -8.3506e-02  -1.8198e-01   1.0126e-01
  -4.5930e-01  -1.0728e+00   1.0606e+00
  -5.9364e+00  -6.2218e+00  -3.5409e+00
  -1.1486e-01  -3.1880e-01   2.4378e-01
  -3.2738e+00  -4.2920e+00   6.6259e-02
  -9.2319e-01  -1.4065e+00   5.6924e-01
   8.3128e-03   1.2135e-02   2.0207e-02
  -1.4730e+00  -1.8370e+00  -4.4295e-01
  -4.8775e+00  -4.1357e+00  -6.9458e+00
  -3.2289e+00  -4.1919e+00  -3.0563e-02
  -2.3030e+00  -2.8716e+00  -4.4703e-01
  -1.4321e+00  -2.1494e+00   6.8157e-01
  -1.6147e+00  -3.2276e+00   3.6736e+00
  -4.6832e+00  -5.5965e+00  -1.0543e+00
   2.1507e+00  -1.4747e+00  -4.6765e-01
  -1.0116e+00  -1.5862e+00   6.3286e-01
  -3.5867e+00  -4.5810e+00  -8.6494e-02
  -4.6238e-02  -1.9274e-01  -3.1110e-02
  -6.2339e+00  -7.1413e+00  -1.6464e+00
  -2.1239e+00  -3.9094e+00   4.5618e+00
   2.4739e+00  -1.7583e+00  -6.6439e-01
  -3.2915e-02  -5.7295e-02  -6.1546e-03
   2.2918e+00  -1.6974e+00  -6.7168e-01
  -5.8365e-03  -1.5254e-01   2.3688e-02
  -3.9090e-01  -7.3547e-01  -9.0061e-01
  -1.7584e-02  -1.6012e-01  -1.3191e-02
  -3.5458e+00  -3.9296e+00  -1.0998e+00
   4.1140e-02  -1.8132e-01   1.2372e-01
  -6.4808e+00  -7.4890e+00  -1.6414e+00
   3.2654e+00  -3.3198e+00   9.8712e-02
   1.6361e-01  -1.3230e-01  -1.4139e-02
  -2.2723e+00  -2.7741e+00  -4.8266e-01
   4.1036e-02  -2.5070e-01  -2.6690e-02
   5.2843e-02  -1.7213e-01   9.7113e-02
   2.0546e-02  -4.4993e-03  -1.3551e-02
  -6.7757e-01  -1.4249e+00   1.4844e+00
  -1.0560e+00  -2.4176e+00   2.6475e+00
  -2.6733e-01  -1.8845e-02   2.5093e-01
  -3.6928e-01  -2.3742e-01   4.8808e-01
  -1.3302e-01  -3.7708e-01   4.0209e-01
  -4.0972e+00  -5.0618e+00  -7.0871e-01
  -2.7546e-01   4.8648e-02   4.9283e-02
   8.8784e-02  -2.3761e-01  -6.5374e-02
  -5.0695e+00  -4.7486e+00  -8.5993e+00
  -1.1631e+00  -1.8954e+00   3.8837e-01
   1.9127e+00  -1.2659e+00  -4.5991e-01
   2.0593e+00  -1.1848e+00  -7.6949e-01
  -3.8568e+00  -5.1929e+00  -7.9433e+00
   8.7676e-02  -2.4544e-01  -2.6424e-02
  -3.8972e+00  -4.8437e+00  -1.5576e+00
   2.6593e-01  -2.3706e-01  -2.0159e-01
  -3.9785e+00  -4.8552e+00  -7.8940e+00
   9.4340e-02  -8.8602e-02   1.2925e-02
   4.1010e-01  -5.2477e-01  -1.3707e-01
   3.8081e-02  -1.5011e-01  -1.6679e-02
   1.6885e+00  -1.3492e+00  -4.8961e-01
   2.2522e-02  -1.3380e-01  -5.5271e-02
  -3.6450e-01   3.4471e-01   3.5831e-01
  -2.9196e+00  -4.1314e+00  -1.2039e+00
  -5.4065e+00  -5.8429e+00  -1.0208e+01
   2.0747e+00  -2.9956e+00  -1.4555e+00
  -1.9019e+00  -3.9370e+00  -1.0600e+00
   1.9134e+00  -1.3259e+00  -5.1763e-01
   7.1997e-01  -5.3660e-01  -3.1687e-01
   6.8455e-01  -7.2753e-01  -2.3242e-01
   3.1401e+00  -2.6180e+00  -3.5785e-01
  -4.7895e+00  -5.7630e+00  -1.5327e+00
  -4.2778e+00  -5.2335e+00  -1.7790e+00
  -2.1601e+00  -1.9989e+00  -3.5853e+00
  -1.3385e-02  -1.1896e-03  -1.5709e-03
  -3.1026e+00  -7.1784e+00  -4.9646e+00
  -2.8062e+00  -4.1377e+00  -1.6049e+00
   8.3171e-01  -8.1190e-01  -2.4570e-01
   1.9498e+00  -1.4569e+00  -5.5861e-01
   1.1771e+00  -9.9775e-01  -4.0747e-01
  -1.1710e+00  -2.8073e+00   2.9911e+00
  -4.4947e+00  -7.2221e+00  -2.0157e+00
  -8.7329e-02  -2.1769e-01  -9.6326e-02
  -6.1840e+00  -6.4091e+00  -3.7540e+00
  -3.5165e+00  -5.3442e+00  -8.0490e+00
   5.5421e-02  -1.0960e-01  -8.4442e-02
  -4.3303e+00  -5.3924e+00  -1.4972e+00
   2.4784e+00  -3.7663e+00   8.2610e-01
   1.5627e+00  -2.8568e+00  -1.5063e+00
  -2.1666e-01  -7.4649e-01  -8.6389e-01
   2.2087e+00  -1.3780e+00  -6.0709e-01
   4.9907e-02  -3.6448e-04   3.2012e-02
  -6.0864e+00  -6.8553e+00  -1.8601e+00
  -8.4729e-02  -5.7746e-01  -3.8514e-01
   4.2667e-01  -6.8324e-01  -9.0328e-02
  -4.4364e+00  -6.7307e+00  -1.8579e+00
   4.5099e-02  -1.6462e-01  -1.7719e-02
  -2.0811e+00  -4.2986e+00  -7.0197e-01
   1.9668e+00  -1.1768e+00  -7.6238e-01
   4.2886e+00  -4.1419e+00  -1.6757e-01
   1.3094e+00  -4.2246e+00  -2.1454e+00
   1.5726e+00  -1.1679e+00  -3.1533e-01
  -9.3607e-03  -1.3387e-01   1.6071e-02
   3.0742e-01  -4.9028e-01  -1.2266e-01
   1.8061e+00  -2.0803e+00   7.2741e-02
   1.1798e+00  -1.1059e+00  -4.0430e-01
   2.0494e+00  -3.7184e+00  -1.3463e+00
   6.8240e-02  -3.7786e-01  -1.3854e-01
  -6.0695e+00  -4.9633e+00  -9.8469e+00
  -2.5358e+00  -9.0055e+00  -5.3863e+00
  -2.8229e+00  -4.3444e+00  -1.5362e+00
  -2.2255e+00  -4.3881e+00  -1.2454e+00
   2.0610e+00  -1.4568e+00  -4.9324e-01
  -9.9529e-01  -1.2349e+00  -1.7749e+00
   4.0524e-02  -1.1240e-01  -5.4303e-02
   1.3431e-01  -4.7831e+00  -2.1363e+00
   1.3792e+00  -1.4237e+00  -2.5304e-01
   8.8606e-02  -1.9167e-01  -9.1415e-02
   1.3822e+00  -5.1621e+00  -2.0067e+00
   1.9737e-01  -3.8563e-01  -9.0495e-02
   2.3218e+00  -1.8134e+00  -6.7054e-01
   6.9345e-02  -2.1077e-01  -8.6103e-02
   8.5037e-02  -1.9474e-01  -6.1486e-02
   2.0664e+00  -2.5706e+00   2.5922e-01
   1.5515e+00  -5.2973e+00  -2.0714e+00
   1.2617e-01  -3.2710e-01  -7.0515e-02
   1.2271e-01  -2.3417e-01  -3.1122e-01
   7.5692e-02  -5.8825e-02  -9.4784e-03
   1.9480e+00  -1.0570e+00  -6.2757e-01
   1.2443e-01  -1.9167e-01   6.0996e-02
  -9.0330e-04   1.0826e-02  -6.7966e-03
   5.4678e-01  -5.1784e+00  -2.0983e+00
  -5.7909e+00  -4.9728e+00  -9.2087e+00
   2.7330e+00  -2.2372e+00  -5.6187e-01
   8.0199e-03  -1.1899e-02  -1.1830e-02
   7.1528e-02  -5.3549e-01  -3.1575e-01
   1.5207e-01  -2.2164e-01  -1.0536e-01
   1.6634e+00  -1.3914e+00  -4.2149e-01
   1.2806e-01  -2.2775e-01  -1.0047e-01
   5.6154e-01  -5.8541e-01  -2.6151e-01
  -4.1705e+00  -5.2143e+00  -1.7558e+00
   6.2511e-03  -5.3158e-03  -3.8837e-03
  -1.6907e+00  -3.3613e+00   3.7008e+00
   1.5523e-01  -2.1901e-01  -9.0342e-02
  -5.3099e+00  -4.8875e+00  -8.8802e+00
   2.9559e-01  -8.5987e-01  -2.4554e-02
  -4.1298e+00  -6.1894e+00  -8.0832e+00
  -5.6884e+00  -4.9922e+00  -8.6034e+00
  -4.7190e+00  -5.9838e+00  -8.6087e+00
   4.0262e-02   2.3624e-02   6.2757e-02
  -4.7488e+00  -4.5980e+00  -8.1977e+00
   4.9950e-03  -1.4112e-01  -2.0005e-01
   2.9904e+00  -3.1574e+00   6.3748e-02
  -8.7421e-01  -1.1137e+00  -1.5639e+00
  -2.1473e-01  -6.6546e-01  -1.0400e+00
  -3.5867e+00  -2.6220e+00  -5.6938e+00
   2.4186e-01  -4.1336e-01  -1.5144e-01
   3.6939e+00  -4.4088e+00   5.6989e-01
  -4.2943e+00  -5.3211e+00  -1.3602e+00
   1.7510e+00  -7.7908e-01  -7.3846e-01
  -2.5575e+00  -3.4726e+00  -6.3585e+00
   6.9957e-01  -3.8477e-01  -2.2131e-01
   7.6823e-01  -4.3705e-01  -3.1821e-01
   1.8230e+00  -4.1532e+00   1.7702e+00
  -4.5558e-01  -2.6337e+00   2.3436e+00
  -1.6370e+00  -3.4228e+00   3.7085e+00
   4.5694e-01  -2.6808e-01  -1.3088e-01
  -1.2469e-02  -1.9205e-01   2.1381e-02
  -3.0197e-01  -9.2618e-01   9.3168e-01
  -4.8876e-02   3.5017e-01   3.7421e-02
  -3.4467e+00  -5.6713e+00  -1.0038e+01
   8.2082e-02  -6.6065e-02   5.1184e-02
   9.8231e-02  -1.5606e-01   5.5390e-02
   7.6155e-02   8.0965e-03   8.7598e-03
   2.3839e+00  -1.6775e+00  -6.8266e-01
   2.8484e+00  -1.7082e+00  -8.1727e-01
   6.2687e-01  -4.5105e-01  -2.0354e-01
   1.0972e+00  -5.8763e-01  -3.5256e-01
   3.4859e-01  -1.8014e-01  -1.0536e-01
  -7.6943e-01  -4.3651e-01  -1.1816e+00
   3.0474e+00  -1.7148e+00  -1.0360e+00
   1.6482e+00  -1.2804e+00  -2.4370e-01
  -2.8116e-02  -1.0075e-01   6.7132e-02
   1.5264e+00  -2.6181e+00  -5.0993e-01
   4.4058e-02  -1.4064e-02  -1.6175e-02
   1.1181e+00  -7.8538e-01  -2.4317e-01
  -1.7425e-01   8.7276e-02  -9.3409e-03
  -5.9437e-02   2.0107e-01  -3.3679e-02
  -1.9213e+00  -1.3218e+00  -3.0175e+00
   4.8202e-01  -2.8082e-01  -2.1694e-01
   2.1145e+00  -1.3948e+00  -5.1753e-01
   1.8195e-02  -1.6932e-01   1.1866e-03
   5.7018e-02  -1.7694e-01   9.9798e-02
   6.2789e-02  -1.1581e-01  -3.8533e-02
  -4.5560e-02  -2.9674e-01  -9.6816e-02
   2.3838e+00  -2.0184e+00  -1.3970e+00
   2.2268e-02  -1.1947e-02  -2.0119e-02
   3.0425e+00  -5.3535e+00  -1.9337e+00
   2.8481e+00  -4.1590e+00   1.0177e+00
  -3.2808e-01  -2.9240e-01   4.6104e-01
   1.9573e-01  -5.8631e-02  -3.7964e-02
   1.3056e+00  -1.1316e+00  -3.3529e-01
  -4.0764e+00  -3.2220e+00  -6.7745e+00
  -4.7721e-02  -1.4831e-01  -2.3918e-01
   1.5469e+00  -1.1135e+00  -3.9113e-01
  -1.1310e+00  -2.6258e+00   2.8556e+00
   8.5258e-02  -2.0262e-01   9.1233e-02
   1.4566e+00  -7.9753e-01  -4.6351e-01
   2.4292e+00  -1.6310e+00  -7.8430e-01
   3.9314e-01  -2.3436e-01  -1.1503e-01
  -2.4670e-02  -2.0410e-01   1.3744e-02
   5.4171e-02  -7.9123e-02  -9.8165e-02
   1.8773e-01  -1.5468e-01  -1.3339e-01
  -2.7461e+00  -2.0552e+00  -4.4849e+00
  -3.4618e-01  -4.6354e+00   3.7690e+00
   6.9709e-01  -3.5434e-01  -3.1487e-01
   3.0130e-01  -3.2958e-01   3.8386e-02
   7.0050e-02  -8.1999e-02  -1.0544e-01
  -8.7458e-01  -1.9991e+00  -3.3472e+00
  -4.1688e-02   1.2965e-01  -3.3494e-02
   3.6132e+00  -2.0987e+00  -1.2652e+00
   3.1793e+00  -1.8258e+00  -1.1225e+00
   9.2897e-02  -9.7678e-02  -1.1168e-01
  -5.6261e-01  -3.0518e+00   2.7398e+00
   2.4872e+00  -1.7417e+00  -7.6227e-01
   7.9985e-02  -8.1346e-02  -9.1732e-02
   1.3033e-01  -3.3776e-01  -4.1078e-01
  -7.4106e-03  -8.2136e-02  -1.1251e-01
  -2.9872e-01   9.4132e-02   1.3815e-01
   7.3272e-02  -9.6304e-02  -1.1636e-01
   6.7793e-02  -1.0113e-01  -1.1548e-01
  -2.3425e-01  -1.6152e-01  -2.6664e-02
  -2.7518e-01   1.0871e-01   9.6061e-02
   9.2758e-01  -9.8252e-01  -2.0496e-01
   1.9998e-01  -2.5176e-01  -2.6045e-01
  -2.0689e+00  -1.8360e+00  -3.1015e+00
   1.6120e-01  -1.3458e-01  -2.4888e-03
   2.1374e-02  -4.3254e-03  -3.4485e-03
  -2.2055e+00  -2.2949e+00  -4.4853e+00
   1.3828e-01  -1.7129e-01  -1.6196e-01
   1.2429e+00  -5.8195e-01  -4.2015e-01
  -2.1327e-01   2.7691e-01   4.1694e-02
   4.3292e+00  -2.4445e+00  -1.3750e+00
   2.4743e-02  -9.6804e-03  -1.9817e-02
   3.8193e+00  -2.1151e+00  -1.2127e+00
  -3.0383e+00  -7.2490e+00  -4.9562e+00
   3.7852e-02  -2.1434e-01  -5.1082e-02
   3.5841e+00  -2.0315e+00  -1.1406e+00
   1.0868e-01  -2.8969e+00   2.1158e+00
  -2.5884e-01   1.3053e-01   3.0301e-01
  -3.6422e+00  -4.4849e+00  -1.5430e+00
   1.6539e+00  -1.3357e+00  -3.6263e-01
   7.2177e-02  -7.1189e-02  -7.4491e-02
   2.0878e-01  -2.4473e-01   4.0023e-02
   1.1353e+00  -5.5378e-01  -5.4315e-01
   2.5328e+00  -1.3675e+00  -8.3723e-01
   3.5672e+00  -2.0166e+00  -1.1386e+00
   2.9959e+00  -1.8671e+00  -8.0036e-01
   6.2919e-01  -5.8661e-01  -1.2889e-02
  -5.9565e+00  -6.1034e+00  -3.7644e+00
   3.0508e+00  -1.8154e+00  -8.7209e-01
   9.5452e-02  -4.8369e-02  -2.3890e-02
   1.6909e-01  -1.5512e-01  -1.3245e-01
  -5.2321e-02   2.2320e-01   4.9857e-02
  -2.9547e-01   7.4895e-01  -2.5052e-04
  -8.9949e-01  -2.5776e+00   2.6359e+00
   1.3588e+00  -1.2032e+00  -2.9263e-01
   8.9172e-02  -1.2965e-01   3.9460e-02
   1.7310e+00  -1.4554e+00  -4.3604e-01
   1.0326e+00  -9.9559e-01  -2.7608e-01
   2.3484e+00  -1.6407e+00  -5.9293e-01
   2.2018e+00  -4.0876e+00  -4.6414e-01
   7.2113e-02   4.8948e-01   5.2081e-01
   1.8275e+00  -1.4572e+00  -4.9581e-01
   2.7473e-01  -1.0948e+00   6.3601e-01
  -1.1555e+00  -2.7975e+00   3.0075e+00
   1.2446e-01  -1.1087e-01  -1.0599e-01
   2.6024e+00  -2.0457e+00  -1.7144e+00
   5.5563e-01  -6.9878e-01  -2.1712e-01
   1.3605e+00  -1.3383e+00  -2.6396e-01
  -2.8575e+00  -7.6394e+00  -4.7877e+00
   7.0613e-02  -1.8448e-01  -3.1902e-02
   1.9954e+00  -1.4656e+00  -7.9103e-01
  -4.6177e+00  -5.5752e+00  -1.0095e+00
   1.3661e+00  -1.2380e+00  -3.3929e-01
   3.5554e+00  -4.0735e+00   4.3131e-01
   2.3695e+00  -1.7704e+00  -7.1149e-01
   1.1920e+00  -1.1335e+00  -2.8898e-01
   2.2343e-01  -3.4422e-01   1.0159e-01
  -2.2509e+00  -2.4610e+00  -4.7484e+00
   3.5247e-01  -5.3841e-01  -1.0191e-01
  -5.1790e+00  -4.3207e+00  -8.1262e+00
  -3.2042e-01   1.3722e-01   1.7553e-01
  -1.0257e+00  -2.6536e+00   2.7937e+00
   5.1333e-02  -5.0416e-01   5.4237e-02
   2.1303e+00  -1.4982e+00  -5.0243e-01
   2.0638e+00  -1.5763e+00  -5.4372e-01
   3.0233e-01  -4.5479e+00  -2.1554e+00
  -1.1344e+00  -1.0263e+00  -1.8072e+00
  -3.0292e+00  -7.6383e+00  -4.7359e+00
  -2.7877e+00  -7.8018e+00  -4.8001e+00
   1.9978e+00  -5.5869e+00  -1.8358e+00
   1.4151e+00  -1.2615e+00  -3.5987e-01
   7.3278e-01  -9.2802e-01  -2.0116e-01
   8.4167e-01  -5.6522e+00  -1.9087e+00
  -4.6533e+00  -7.6276e+00  -2.3227e+00
   8.9417e-01  -5.7186e+00  -1.8779e+00
  -2.2756e+00  -8.9508e+00  -5.0322e+00
  -5.0690e+00  -5.9438e+00  -1.9083e+00
   1.9718e+00  -1.5446e+00  -5.4680e-01
   8.9605e-01  -1.0081e+00  -2.0321e-01
  -5.1431e+00  -6.2918e+00  -1.5976e+00
  -4.1790e+00  -7.7001e+00  -1.9579e+00
  -3.3469e+00  -4.5116e+00  -1.6741e+00
   6.7225e-02  -1.0953e-01  -3.9199e-02
   3.8507e-01  -7.0203e-01  -1.2793e-01
   2.2340e+00  -1.9146e+00  -1.0604e+00
  -6.9561e-01  -2.7369e+00   2.4403e+00
   2.0190e+00  -1.7910e+00  -1.0239e+00
  -1.7102e+00  -3.6706e+00  -6.1991e+00
   2.0463e+00  -1.2241e+00  -6.6821e-01
  -4.5871e+00  -6.1125e+00  -1.5846e+00
   2.2793e+00  -2.6600e+00   3.3646e-01
   2.3192e+00  -1.9309e+00  -1.0634e+00
   2.9790e+00  -2.5319e+00  -5.1652e-01
   2.2655e+00  -1.5379e+00  -8.0531e-01
   3.6706e-01  -3.4570e+00   2.1583e+00
   2.7788e+00  -3.5516e+00   4.7008e-01
  -1.2624e+00  -2.9941e+00   3.2343e+00
   1.3397e+00  -1.1202e+00  -4.6800e-01
   3.7094e+00  -4.5059e+00  -1.1623e+00
   8.2872e-02  -2.2950e-01  -4.8118e-02
   2.0518e+00  -1.5469e+00  -5.7175e-01
   3.2278e-02  -1.1554e-01  -5.1378e-02
   2.1307e+00  -2.6714e+00   3.8419e-01
   2.7561e+00  -3.8595e+00   8.6679e-01
   1.0116e-02  -1.6994e-01  -3.4980e-02
  -3.7683e-01  -7.9451e-01  -9.4746e-01
  -1.9652e+00  -2.8700e+00  -1.1270e+00
  -8.3109e-01  -6.8618e-01  -8.4106e-01
  -3.8474e+00  -8.0895e+00  -1.7482e+00
   6.2659e-01  -6.7175e-01  -2.4442e-01
   1.7584e+00  -1.7467e+00  -1.7664e+00
   1.4616e+00  -1.2678e+00  -1.7046e-01
   5.4301e-01  -5.2139e+00  -2.1208e+00
  -9.9159e-01  -1.2528e+00  -1.1090e+00
   2.5866e+00  -4.9235e+00   1.7803e+00
  -5.5386e+00  -5.5500e+00  -4.1469e+00
   2.3142e-01  -5.2804e-02  -6.6718e-02
  -4.7588e-01  -2.3497e+00   2.1625e+00
  -4.4364e+00  -6.4247e+00  -2.0770e+00
  -7.7265e-01  -2.5250e+00   2.5171e+00
  -2.8226e+00  -4.3279e+00  -1.2376e+00
   2.6926e+00  -5.0333e+00  -1.9911e+00
   2.2764e+00  -1.4720e+00  -7.4590e-01
   3.0165e+00  -5.3436e+00  -1.9672e+00
   2.4797e+00  -1.7081e+00  -6.2715e-01
   2.0179e+00  -1.4676e+00  -5.7206e-01
  -4.0401e+00  -7.0818e+00  -1.8521e+00
   8.3129e-01  -6.9306e-01  -1.0757e-01
   2.2000e+00  -1.6892e+00  -6.3142e-01
   2.0350e+00  -2.2552e+00  -1.3679e+00
  -3.9867e+00  -4.9281e+00  -7.8661e+00
   1.8141e+00  -1.4377e+00  -4.8748e-01
   2.3694e+00  -3.3374e+00  -1.4223e+00
   1.1316e+00  -1.0192e+00  -1.7171e-01
  -1.8107e+00  -3.9506e+00  -1.1328e+00
   1.9059e+00  -3.0494e+00  -3.0503e-01
   2.1311e-01  -3.3740e-01  -7.4369e-02
  -1.6432e+00  -3.1653e+00   3.6448e+00
   2.9787e+00  -2.5582e+00  -5.3306e-01
  -7.2123e-01  -2.5904e+00   2.3854e+00
   2.3794e+00  -2.6325e+00  -1.1726e+00
  -1.3586e+00  -3.0124e+00   3.3189e+00
   1.3438e+00  -1.2365e+00  -3.5784e-01
   2.9673e-02   4.2891e-02  -5.8372e-02
  -1.6918e+00  -1.6783e+00  -7.8760e-01
  -2.9204e+00  -3.2796e+00  -5.0698e-01
  -1.2190e+00  -1.3243e+00   1.9298e-01
   3.5095e-03  -2.0915e-01   1.3615e-03
  -2.9902e-02  -1.0484e-01   6.5654e-02
   1.9925e-02  -1.5240e-01   1.9181e-03
   6.5125e-02  -1.4541e-01   6.7782e-02
  -4.2043e-01   7.9419e-01   4.6363e-02
  -6.3178e-01  -1.5397e-01  -5.9110e-01
  -1.0543e+00  -1.7870e+00  -1.7835e+00
  -3.7225e-01  -7.7425e-01   8.9657e-01
  -6.2081e+00  -4.8634e+00  -9.2284e+00
  -2.7603e+00  -3.0953e+00  -7.8990e-01
   4.9339e-02  -3.7461e-01  -1.0817e-01
  -2.2259e-02  -2.5778e-01  -3.8270e-02
   1.7608e-02  -1.2463e-01   2.5814e-02
   5.1937e-02  -1.5616e-01  -4.0963e-02
  -2.0182e-01  -2.8401e-01   5.9555e-02
   8.8476e-02  -1.8682e-01   9.3055e-02
  -6.6328e-02  -7.6619e-02   4.7698e-02
   3.9457e-02  -6.6920e-02   3.4575e-02
  -4.4627e-01  -2.7847e+00   2.4658e+00
  -1.3650e+00  -1.9224e+00   5.0934e-01
   7.2502e-02  -9.0256e-02   1.9630e-02
  -1.5381e-02  -3.6513e-02   2.4486e-04
   2.6106e-02  -1.2114e-01  -1.9377e-02
  -2.9402e+00  -3.1063e+00  -5.1157e-01
  -3.5048e-02  -6.1502e-02   2.5729e-02
  -2.6394e-01  -3.4737e-01   9.7040e-03
   1.3174e-01  -1.8076e-01   3.7239e-02
   1.8677e+00  -5.0033e+00  -1.8158e+00
   2.4586e+00  -4.4998e+00  -2.2912e+00
   2.3000e+00  -2.0409e+00  -1.0049e+00
   1.9580e+00  -1.5465e+00  -4.6703e-01
   2.8815e+00  -4.3500e+00  -1.8682e+00
   2.4035e+00  -3.6481e+00  -1.3677e+00
   2.2020e+00  -1.9960e+00  -1.0317e+00
   6.5567e-01  -5.3012e-01  -3.0282e-01
   5.4738e-02  -4.3387e-02  -3.4459e-02
  -2.5292e-02  -3.6942e-01  -2.5060e-01
  -4.6632e+00  -4.7911e+00  -8.2810e+00
   1.0092e-01  -3.5916e-01  -1.9053e-01
   5.6977e-02  -1.6737e-01  -3.2987e-02
   1.3397e+00  -1.2698e+00  -3.0255e-01
  -1.8924e+00   1.4296e+00   3.9461e-01
   5.3498e-02  -4.4957e-02  -7.3028e-02
  -1.2849e-01   1.3978e-01   1.1734e-01
   5.6333e-02  -9.2358e-02   3.4243e-02
   1.5173e+00  -1.2627e+00  -3.8210e-01
   7.1142e-02  -1.4317e-01  -5.7822e-02
  -1.2903e+00  -2.8971e+00   3.1877e+00
  -1.6362e+00  -3.0711e+00   3.5949e+00
   1.0461e-01  -1.8311e-01   6.7042e-02
  -6.2953e-01   1.3300e+00  -6.8872e-02
  -2.0670e-02  -1.3435e-01   1.1743e-02
   4.8183e-02  -7.7488e-02   3.5526e-02
  -1.1361e+00  -2.2812e+00   2.6072e+00
   7.0899e-03  -2.0662e-01  -5.8491e-02
   8.3439e-01  -3.8232e+00  -1.4949e+00
  -3.9721e+00  -4.7308e+00  -8.8103e-01
   6.2375e-02  -4.3402e-01  -2.0808e-01
   3.4990e-03  -4.4379e-02   6.3843e-02
  -1.3761e-01  -5.3914e-01   4.4682e-01
  -5.1042e+00  -6.2481e+00  -1.1277e-01
   9.5065e-02  -1.1447e-01   2.5216e-02
   2.0392e+00  -1.5610e+00  -5.8001e-01
   1.4382e+00  -1.1870e+00  -2.1199e-01
  -3.1424e-01  -6.9897e-01   8.0441e-01
   2.3290e+00  -1.7890e+00  -8.6343e-01
   4.2065e+00  -3.7492e+00  -3.1330e-01
   1.8208e-02  -2.9620e-02   1.8679e-02
   6.2046e-02  -1.5308e-01  -4.2431e-02
  -1.0612e-02  -9.0274e-02  -4.8180e-02
   2.2662e-01  -4.6891e-01   7.0387e-02
   2.1639e+00  -2.9062e+00  -1.5814e+00
  -2.6718e-01   2.4087e-01   2.9627e-01
   1.0429e+00  -1.0372e+00  -2.4365e-01
  -1.1942e-02  -2.8891e-01  -4.5601e-02
  -6.8613e-01  -1.2982e+00   1.3796e+00
  -1.8785e+00  -3.4807e+00   4.0645e+00
  -1.4725e-02  -2.4306e-02  -1.0407e-03
  -3.0012e-01  -1.5768e-01   2.4469e-01
  -5.8543e-03  -1.7975e-02  -4.3667e-02
  -2.3755e-01  -1.9799e-01   1.9308e-01
  -5.6582e-01  -8.4862e-01   3.0748e-03
   2.1820e-02  -3.1260e-02  -7.2041e-02
   3.3393e-02  -2.2498e-01  -5.3321e-02
  -1.4136e+00  -2.9155e+00   3.2909e+00
   3.3698e-01  -2.9262e-01  -7.8433e-02
   1.9070e-02   9.2522e-03   2.8437e-02
  -2.0595e+00  -3.2517e+00  -9.9836e-03
   1.9515e-02  -7.3597e-02   5.0086e-02
  -3.2304e+00  -3.3970e+00  -1.4188e+00
   4.2345e-01  -6.5202e-01  -3.6248e-01
  -2.7711e-03  -2.0411e-02  -3.3298e-03
   2.0257e-02  -8.9323e-02  -1.6992e-02
   2.8335e-01  -3.0001e-01   3.0707e-02
   3.2467e-01  -4.9387e-01  -1.0662e-01
   4.5534e-02  -1.7867e-01   9.1921e-03
  -5.9935e+00  -6.4612e+00  -3.3135e+00
   7.5900e-01  -5.0435e-01  -3.5209e-01
   1.4647e+00  -1.4225e+00  -3.0061e-01
  -3.1120e-01   3.3093e-01   4.6052e-01
   1.9871e-03   1.9590e-02   2.0366e-02
   7.4091e-02  -1.3564e-01  -1.3610e-01
   3.0988e-01  -3.3748e-01   1.4551e-02
   9.8077e-01  -5.5140e-01  -5.0207e-01
   2.9180e-02  -1.1279e-01  -4.7437e-02
   6.0511e-03  -1.3715e-01  -2.2055e-02
  -5.9867e-02   1.2247e-02   2.1452e-02
  -1.7752e-02  -6.6569e-02   9.5755e-03
  -2.8661e+00  -4.2422e+00  -1.6088e+00
  -5.8975e+00  -4.6767e+00  -8.6284e+00
  -2.9404e+00  -4.4875e+00  -9.2370e-01
   6.3849e-02  -1.4888e-01   8.3803e-02
   1.6068e-01  -1.9021e-01   2.8934e-02
   2.1586e+00  -2.2376e+00   1.0582e-01
  -3.3895e+00  -4.0586e+00  -4.2398e-01
   2.0976e-01  -3.1479e-01  -3.3392e-01
   5.8984e-01  -5.9916e-01  -2.1622e-01
  -2.9128e+00  -4.1947e+00  -1.5848e+00
   1.5486e+00  -2.8248e+00  -4.6785e-01
   2.7646e-01  -4.5477e-01  -1.2184e-01
  -4.6569e+00  -5.7822e+00  -1.6503e+00
  -2.7998e+00  -4.1819e+00  -1.4644e+00
   2.0750e+00  -3.9208e+00  -1.3797e+00
   8.1575e-02  -1.5597e-01  -3.0409e-02
   5.0456e-01  -5.7963e-01  -1.6870e-01
   8.3161e-01  -7.5188e-01  -1.7759e-01
   1.3978e+00  -4.3035e+00  -2.0774e+00
   2.4585e+00  -2.1514e+00  -6.6343e-01
   9.9668e-02  -5.8426e-01  -2.9325e-01
   5.7539e-02  -2.0724e-01  -3.2805e-02
  -4.1404e+00  -9.0386e+00  -2.5584e+00
   1.2079e-01  -3.0834e-01  -1.0909e-01
   5.6218e-02  -1.4699e-01  -3.5564e-02
   3.0506e+00  -3.5571e+00   2.3570e-01
   2.4264e+00  -3.6330e+00  -2.0191e+00
   1.4114e+00  -2.6492e+00  -5.0060e-01
  -1.2963e-03   3.7373e-03  -8.5870e-04
   1.5645e-01  -2.2361e-01  -9.0622e-02
   1.4508e+00  -4.4370e+00  -2.1170e+00
   8.5245e-01  -8.3731e-01  -2.6414e-01
   1.8102e+00  -1.4788e+00  -4.8758e-01
  -5.2718e+00  -5.2219e+00  -9.4849e+00
   8.3956e-02  -2.1190e-01  -5.7302e-02
   1.2378e-02  -6.0128e-01  -4.1244e-01
   1.3166e-01  -2.8667e-01  -8.0509e-02
   2.3574e+00  -1.6210e+00  -8.6661e-01
  -5.0964e+00  -5.9195e+00  -1.9336e+00
   1.5592e-01  -3.2863e-01  -6.4970e-02
  -5.7269e+00  -4.9590e+00  -8.6237e+00
   1.5687e+00  -4.9206e+00  -1.7926e+00
  -6.7701e+00  -6.9502e+00  -4.5779e+00
   2.5790e-01  -1.2748e+00   1.1508e-01
   1.6701e+00  -5.6870e+00  -1.9394e+00
   1.3128e+00  -9.1557e-01  -2.7677e-01
   3.4226e-02  -6.6885e-02  -6.3059e-02
   2.0205e-01  -3.4397e-01  -7.6945e-02
   2.2686e+00  -1.6180e+00  -6.6177e-01
  -5.0654e-03  -7.8627e-04  -2.8524e-03
   9.7073e-01  -9.4443e-01  -3.8650e-01
  -4.7516e+00  -5.6474e+00  -1.6749e+00
   1.3051e-01  -3.0313e-01  -2.4544e-02
   1.9951e+00  -1.4140e+00  -7.7133e-01
   1.8939e+00  -1.4896e+00  -5.0258e-01
   5.1645e-01  -6.6067e-01  -1.6892e-01
   1.1123e+00  -9.6003e-01  -3.8129e-01
  -5.0359e+00  -5.9465e+00  -1.9460e+00
   1.5259e+00  -4.6315e+00  -1.9029e+00
   2.5354e-02  -2.6122e+00   1.8587e+00
   6.4564e-01  -7.8778e-01  -1.7068e-01
   1.7347e+00  -1.3774e+00  -4.9380e-01
  -3.8524e+00  -4.7994e+00  -1.4896e+00
   2.0335e+00  -1.5105e+00  -7.6049e-01
   5.7081e-01  -5.2203e-01  -2.3309e-01
   2.4352e+00  -4.4370e+00  -2.1653e+00
  -4.4371e+00  -6.5197e+00  -7.1836e+00
   2.0301e+00  -1.9342e+00  -1.5415e+00
  -3.3695e+00  -4.5276e+00  -1.3649e+00
  -2.7887e+00  -4.1806e+00  -1.6146e+00
  -3.5300e+00  -4.2740e+00  -1.4445e+00
   2.0233e+00  -2.9223e+00  -1.4688e+00
   5.9485e-01  -7.1234e-01  -3.0524e-01
   1.6519e+00  -1.3811e+00  -7.6554e-01
  -5.1235e+00  -6.0115e+00  -1.8658e+00
   2.0877e+00  -2.3823e+00  -1.3717e+00
   1.1722e-01  -2.0292e-01  -6.4078e-02
   2.4409e-02  -1.4879e-02  -1.1872e-02
   1.1404e-01  -1.9438e-01  -6.1543e-02
   2.0552e+00  -3.8787e+00  -1.4185e+00
  -1.8200e+00  -5.3207e+00  -9.2799e-01
   6.8192e-02  -1.3008e-01  -3.1155e-02
   5.0811e-01  -5.3763e+00  -1.9657e+00
  -3.8193e+00  -4.8547e+00  -1.6829e+00
  -8.3887e-02   1.0135e-02   2.2486e-01
   3.5084e-01  -5.0840e-01  -1.3279e-01
   1.2973e-01  -2.8721e-01  -8.3708e-02
  -4.5425e+00  -8.1307e+00  -2.1499e+00
   1.6788e+00  -3.5764e+00  -6.8556e-01
  -5.1360e+00  -4.5089e+00  -8.4878e+00
   6.3876e-01  -6.0485e-01  -1.3151e-01
   2.4053e+00  -4.2643e+00  -2.1853e+00
   3.7029e-01  -5.2096e-01  -1.2619e-01
   4.9951e-01  -6.4399e-01  -1.8790e-01
   1.9708e+00  -3.7940e+00  -1.3295e+00
   4.8432e-02  -1.1230e-01  -2.5707e-03
  -2.6685e+00  -4.0889e+00  -1.6538e+00
   1.4897e-01  -4.5013e-01  -2.2891e-01
  -2.8052e+00  -8.3532e+00  -5.1391e+00
   2.9382e+00  -2.6150e+00  -4.8896e-01
   2.0043e+00  -3.6695e+00  -1.4212e+00
   1.5696e+00  -7.8544e-01  -6.7193e-01
   7.3999e-01  -5.5693e+00  -2.0300e+00
  -2.4767e-03  -7.9663e-01   9.2125e-03
  -3.6149e+00  -5.2519e+00  -8.0275e+00
  -2.0092e+00  -4.4252e+00  -7.4225e-01
  -5.6792e+00  -5.6401e+00  -8.3818e+00
   2.0641e+00  -1.7841e+00  -9.9886e-01
  -3.8421e+00  -4.8596e+00  -1.6656e+00
  -4.1997e+00  -8.8705e+00  -2.5995e+00
   1.3548e-01  -4.7411e+00  -2.1705e+00
   1.0202e-01  -2.3530e-01  -4.4080e-02
   7.4491e-01  -5.1060e-01  -1.6726e-01
   1.9752e-01  -4.5885e-01  -1.3394e-01
  -3.9115e+00  -5.2173e+00  -1.3938e+00
   1.4830e-01  -4.7723e+00  -2.1667e+00
  -4.7977e+00  -5.8832e+00  -1.5976e+00
   1.6464e+00  -1.2836e+00  -4.6522e-01
  -4.7669e+00  -6.4882e+00  -1.8771e+00
   2.9380e+00  -5.2006e+00  -1.9840e+00
   2.3782e+00  -4.2581e+00  -2.2923e+00
  -4.2427e+00  -5.2351e+00  -1.5796e+00
   1.1027e-01  -2.6269e-01  -6.6042e-02
   1.6463e+00  -1.2666e+00  -4.6802e-01
   2.6195e-01  -2.6409e-01  -2.2657e-01
   6.9492e-01  -6.3222e-01  -3.3752e-01
  -7.3255e-02  -9.7771e-01  -1.0634e+00
  -5.0650e+00  -8.1167e+00  -4.9815e+00
   1.2537e+00  -4.8184e+00  -2.2224e+00
  -4.7011e+00  -4.7160e+00  -8.1776e+00
   1.9352e-01  -3.6211e-01  -1.0643e-01
   1.3844e-01  -2.6979e-01  -6.7722e-02
   2.1224e+00  -1.5930e+00  -6.0882e-01
   4.8643e-01  -7.2603e-01  -6.3492e-02
   1.1772e+00  -4.1441e+00  -2.0596e+00
   1.0988e+00  -1.0147e+00  -2.4774e-01
   1.7860e-01  -1.7873e-01   6.8432e-03
  -5.1248e+00  -5.9143e+00  -1.9050e+00
   2.3779e+00  -3.2052e+00   6.5301e-01
  -4.6668e-01  -1.6520e+00  -8.3671e-02
  -2.2978e+00  -9.4447e+00  -5.3158e+00
   6.7189e-02  -9.2911e-02   3.0834e-02
  -2.3891e+00  -4.4279e+00  -1.1127e+00
  -1.0388e+00  -2.7239e+00   2.8516e+00
  -4.7287e+00  -5.8610e+00  -1.7512e+00
  -6.0506e-01  -2.3050e+00   2.2185e+00
   4.8001e-01  -9.3363e-01   2.7771e-02
   1.9279e+00  -2.1320e+00  -1.3856e+00
   3.7287e+00  -3.3092e+00  -4.0648e-01
   3.4664e+00  -2.8736e+00  -5.2226e-01
   2.4833e+00  -1.7526e+00  -7.6153e-01
   6.2511e-01  -7.9234e-01  -1.3806e-01
  -1.0435e+00  -1.3685e+00  -2.0750e+00
   7.0319e-02  -2.7994e-02   6.4769e-03
   6.0027e-02  -1.2724e-01   5.8425e-02
  -5.8120e+00  -6.4637e+00  -2.1550e+00

