   7.6291e-01   8.9987e-01   7.3722e-01
   1.6659e-03   1.9650e-03   1.6098e-03
   1.3836e-02   1.6320e-02   1.3370e-02
  -1.1449e-01  -1.3504e-01  -1.1063e-01
   1.4230e-01   1.6784e-01   1.3750e-01
   3.6255e-01   4.2764e-01   3.5034e-01
   2.4271e-01   2.8629e-01   2.3454e-01
   7.1059e-01   8.3816e-01   6.8666e-01
   3.5167e-01   4.1480e-01   3.3983e-01
   2.3060e-01   2.7200e-01   2.2284e-01
   3.5376e-01   4.1727e-01   3.4185e-01
   1.4650e+00   1.7280e+00   1.4157e+00
   1.3141e+00   1.5500e+00   1.2699e+00
  -4.3380e-01  -5.1167e-01  -4.1919e-01
   3.3690e-01   3.9738e-01   3.2555e-01
  -1.5998e-01  -1.8870e-01  -1.5459e-01
   1.7044e-01   2.0104e-01   1.6470e-01
   1.3599e+00   1.6040e+00   1.3141e+00
   1.8944e-01   2.2344e-01   1.8306e-01
  -4.0148e-01  -4.7356e-01  -3.8796e-01
   8.3483e-01   9.8470e-01   8.0672e-01
   7.2386e-01   8.5381e-01   6.9949e-01
   6.9507e-01   8.1985e-01   6.7166e-01
   4.2552e-01   5.0191e-01   4.1119e-01
   2.2462e-01   2.6494e-01   2.1705e-01
   4.7941e-01   5.6547e-01   4.6327e-01
   1.7696e-02   2.0873e-02   1.7100e-02
  -7.8033e-01  -9.2041e-01  -7.5405e-01
   4.4747e-01   5.2780e-01   4.3240e-01
  -2.6683e-03  -3.1473e-03  -2.5785e-03
  -1.4264e-01  -1.6825e-01  -1.3784e-01
   1.2074e+00   1.4241e+00   1.1667e+00
   8.9173e-03   1.0518e-02   8.6170e-03
   1.2560e+00   1.4814e+00   1.2137e+00
  -2.8231e-01  -3.3299e-01  -2.7281e-01
   1.2546e-01   1.4798e-01   1.2123e-01
   1.0794e-01   1.2731e-01   1.0430e-01
   3.0757e-02   3.6278e-02   2.9721e-02
   5.0943e-01   6.0089e-01   4.9228e-01
   4.5866e-01   5.4100e-01   4.4321e-01
  -1.3720e-02  -1.6183e-02  -1.3258e-02
   2.2377e-01   2.6394e-01   2.1623e-01
   8.5314e-01   1.0063e+00   8.2441e-01
   1.9682e-01   2.3215e-01   1.9019e-01
   7.1393e-01   8.4209e-01   6.8989e-01
   1.9895e-02   2.3467e-02   1.9225e-02
  -4.6839e-02  -5.5247e-02  -4.5261e-02
   1.5335e-01   1.8088e-01   1.4818e-01
  -7.6485e-01  -9.0216e-01  -7.3910e-01
   2.7998e+00   3.3024e+00   2.7055e+00
   5.0044e-02   5.9028e-02   4.8359e-02
   2.0061e-01   2.3662e-01   1.9385e-01
   2.9010e-01   3.4218e-01   2.8033e-01
   5.1561e-01   6.0818e-01   4.9825e-01
  -4.7418e-01  -5.5931e-01  -4.5821e-01
  -2.2366e-02  -2.6381e-02  -2.1613e-02
  -3.5780e-02  -4.2203e-02  -3.4575e-02
  -2.7419e-01  -3.2342e-01  -2.6496e-01
   9.8814e-01   1.1655e+00   9.5487e-01
   7.5833e-01   8.9446e-01   7.3279e-01
   3.6408e-01   4.2944e-01   3.5182e-01
   4.5176e-02   5.3286e-02   4.3655e-02
   1.2344e+00   1.4560e+00   1.1928e+00
  -1.6258e+00  -1.9177e+00  -1.5711e+00
   1.0390e+00   1.2255e+00   1.0040e+00
  -2.5733e-02  -3.0353e-02  -2.4866e-02
   1.1636e+00   1.3725e+00   1.1244e+00
  -1.8745e-01  -2.2110e-01  -1.8114e-01
   1.8554e+00   2.1885e+00   1.7929e+00
   1.5283e-01   1.8026e-01   1.4768e-01
   2.3909e-01   2.8201e-01   2.3103e-01
   3.3249e-01   3.9218e-01   3.2130e-01
  -1.4047e-01  -1.6569e-01  -1.3574e-01
   2.7139e-01   3.2011e-01   2.6225e-01
   8.2408e-01   9.7201e-01   7.9633e-01
  -1.9534e-01  -2.3040e-01  -1.8876e-01
  -7.2120e-01  -8.5066e-01  -6.9691e-01
   2.1413e+00   2.5257e+00   2.0692e+00
   5.2497e-02   6.1921e-02   5.0729e-02
   3.1354e-01   3.6983e-01   3.0299e-01
   4.2090e-01   4.9646e-01   4.0672e-01
  -5.4930e-01  -6.4791e-01  -5.3080e-01
   2.9449e-01   3.4736e-01   2.8458e-01
   2.5063e-01   2.9562e-01   2.4219e-01
  -6.5846e-01  -7.7666e-01  -6.3629e-01
   3.7626e-02   4.4380e-02   3.6359e-02
  -1.1143e-01  -1.3144e-01  -1.0768e-01
   2.7974e-01   3.2995e-01   2.7032e-01
   4.3859e-02   5.1732e-02   4.2382e-02
   5.9975e-03   7.0741e-03   5.7955e-03
  -5.2199e-02  -6.1569e-02  -5.0441e-02
   1.7305e+00   2.0412e+00   1.6723e+00
  -2.8349e-01  -3.3438e-01  -2.7394e-01
  -9.6160e-02  -1.1342e-01  -9.2922e-02
  -8.1522e-01  -9.6157e-01  -7.8777e-01
   1.7155e+00   2.0235e+00   1.6578e+00
  -7.7901e-02  -9.1885e-02  -7.5278e-02
   3.5102e-02   4.1404e-02   3.3920e-02
  -3.1984e-03  -3.7726e-03  -3.0907e-03
  -2.9744e-02  -3.5084e-02  -2.8742e-02
  -6.9807e-01  -8.2339e-01  -6.7457e-01
   5.3388e-01   6.2972e-01   5.1590e-01
  -1.4848e-01  -1.7513e-01  -1.4348e-01
   1.1618e+00   1.3704e+00   1.1227e+00
   1.9087e-01   2.2513e-01   1.8444e-01
  -6.3897e-01  -7.5368e-01  -6.1745e-01
   8.7361e-01   1.0304e+00   8.4419e-01
   2.7879e-02   3.2883e-02   2.6940e-02
   5.0810e-02   5.9932e-02   4.9099e-02
   1.3100e+00   1.5452e+00   1.2659e+00
  -2.1877e-01  -2.5805e-01  -2.1141e-01
   6.1294e-01   7.2298e-01   5.9230e-01
   1.7084e+00   2.0151e+00   1.6509e+00
   4.3611e-01   5.1440e-01   4.2143e-01
   1.8302e-01   2.1587e-01   1.7685e-01
   2.3271e+00   2.7448e+00   2.2487e+00
   7.2806e-01   8.5876e-01   7.0354e-01
  -1.3918e-01  -1.6417e-01  -1.3450e-01
  -1.8150e-01  -2.1408e-01  -1.7538e-01
  -1.2334e-01  -1.4548e-01  -1.1919e-01
   7.6707e-01   9.0477e-01   7.4124e-01
   5.0982e-01   6.0134e-01   4.9265e-01
   9.2726e-01   1.0937e+00   8.9604e-01
   3.6105e-01   4.2587e-01   3.4890e-01
   1.5704e+00   1.8523e+00   1.5175e+00
  -7.6693e-01  -9.0461e-01  -7.4111e-01
   3.8840e-01   4.5812e-01   3.7532e-01
   1.0658e+00   1.2571e+00   1.0299e+00
   4.1707e-01   4.9194e-01   4.0303e-01
  -8.9750e-01  -1.0586e+00  -8.6728e-01
   1.5709e+00   1.8529e+00   1.5180e+00
  -2.8551e-01  -3.3677e-01  -2.7590e-01
   1.2832e+00   1.5136e+00   1.2400e+00
   3.2623e-01   3.8479e-01   3.1524e-01
   5.6564e-01   6.6719e-01   5.4660e-01
   1.3782e+00   1.6256e+00   1.3318e+00
   5.7983e-01   6.8392e-01   5.6031e-01
   1.4466e+00   1.7063e+00   1.3979e+00
  -3.8635e-01  -4.5570e-01  -3.7334e-01
   2.0404e-02   2.4067e-02   1.9717e-02
   1.6033e+00   1.8912e+00   1.5493e+00
  -5.0184e-01  -5.9193e-01  -4.8494e-01
  -2.2482e-01  -2.6518e-01  -2.1725e-01
  -8.3605e-02  -9.8614e-02  -8.0790e-02
   1.5800e+00   1.8637e+00   1.5268e+00
   9.1220e-01   1.0760e+00   8.8148e-01
   1.0211e+00   1.2045e+00   9.8676e-01
  -1.7262e-01  -2.0361e-01  -1.6681e-01
   6.2958e-01   7.4260e-01   6.0838e-01
  -3.9835e-01  -4.6986e-01  -3.8494e-01
   8.9066e-01   1.0506e+00   8.6067e-01
   1.0563e+00   1.2459e+00   1.0207e+00
   1.0208e-01   1.2040e-01   9.8641e-02
   9.1760e-01   1.0823e+00   8.8670e-01
  -4.0361e-02  -4.7607e-02  -3.9002e-02
  -1.8819e-01  -2.2198e-01  -1.8186e-01
   9.5297e-03   1.1240e-02   9.2087e-03
   2.8425e-01   3.3528e-01   2.7468e-01
   1.2031e-01   1.4190e-01   1.1625e-01
   3.6347e-01   4.2871e-01   3.5123e-01
   4.1963e-02   4.9496e-02   4.0550e-02
  -4.3471e-03  -5.1274e-03  -4.2007e-03
   4.2443e-01   5.0062e-01   4.1013e-01
   7.6609e-02   9.0361e-02   7.4029e-02
   2.1054e-01   2.4833e-01   2.0345e-01
  -1.3945e-01  -1.6448e-01  -1.3475e-01
   1.9424e-01   2.2911e-01   1.8770e-01
   6.9906e-01   8.2456e-01   6.7552e-01
   3.4076e-01   4.0193e-01   3.2928e-01
  -1.1851e+00  -1.3979e+00  -1.1452e+00
   1.0365e-01   1.2226e-01   1.0016e-01
  -6.1100e-01  -7.2068e-01  -5.9042e-01
   7.5878e-01   8.9500e-01   7.3323e-01
   2.6298e-01   3.1019e-01   2.5413e-01
  -3.5716e-01  -4.2128e-01  -3.4513e-01
  -2.0473e-01  -2.4148e-01  -1.9784e-01
   1.8652e+00   2.2000e+00   1.8024e+00
   2.5955e-01   3.0614e-01   2.5081e-01
   5.3913e-01   6.3592e-01   5.2098e-01
   9.3693e-01   1.1051e+00   9.0538e-01
  -1.0859e+00  -1.2809e+00  -1.0493e+00
   3.1428e-01   3.7070e-01   3.0369e-01
   2.2462e+00   2.6494e+00   2.1705e+00
  -1.7578e-01  -2.0733e-01  -1.6986e-01
   7.0058e-01   8.2635e-01   6.7699e-01
   2.4130e+00   2.8461e+00   2.3317e+00
   6.3949e-02   7.5429e-02   6.1796e-02
   2.4005e-01   2.8314e-01   2.3196e-01
   1.2786e-01   1.5082e-01   1.2356e-01
  -3.2580e-01  -3.8429e-01  -3.1483e-01
  -8.2265e-02  -9.7033e-02  -7.9495e-02
   1.5750e-01   1.8577e-01   1.5219e-01
   5.0090e-01   5.9083e-01   4.8404e-01
  -2.2874e-01  -2.6980e-01  -2.2104e-01
   4.0853e-01   4.8187e-01   3.9477e-01
   8.7807e-01   1.0357e+00   8.4850e-01
  -1.9742e-01  -2.3286e-01  -1.9077e-01
   8.1608e-01   9.6258e-01   7.8860e-01
   8.6097e-01   1.0155e+00   8.3198e-01
   4.3288e-01   5.1059e-01   4.1830e-01
  -1.4261e-01  -1.6822e-01  -1.3781e-01
   1.1970e+00   1.4119e+00   1.1567e+00
   6.2187e-01   7.3350e-01   6.0092e-01
   4.1096e-01   4.8474e-01   3.9713e-01
  -6.9963e-02  -8.2523e-02  -6.7607e-02
  -1.6899e-01  -1.9933e-01  -1.6330e-01
  -1.8651e-01  -2.1999e-01  -1.8023e-01
   1.8148e-01   2.1405e-01   1.7536e-01
   1.8573e-02   2.1908e-02   1.7948e-02
  -2.5417e-01  -2.9979e-01  -2.4561e-01
   2.6399e-01   3.1138e-01   2.5510e-01
   4.4120e-01   5.2041e-01   4.2635e-01
   4.2850e-01   5.0542e-01   4.1407e-01
  -5.0492e-02  -5.9556e-02  -4.8792e-02
   2.1708e-01   2.5604e-01   2.0977e-01
   3.5714e-01   4.2126e-01   3.4512e-01
  -1.5945e-01  -1.8807e-01  -1.5408e-01
   6.4662e-01   7.6270e-01   6.2484e-01
   1.3186e+00   1.5553e+00   1.2742e+00
   3.3423e-01   3.9423e-01   3.2298e-01
   4.7108e-01   5.5564e-01   4.5521e-01
   2.4306e+00   2.8669e+00   2.3487e+00
   6.9799e-01   8.2329e-01   6.7448e-01
   1.0717e+00   1.2641e+00   1.0356e+00
   9.2679e-01   1.0932e+00   8.9558e-01
   1.6634e-01   1.9621e-01   1.6074e-01
   3.1954e-02   3.7690e-02   3.0878e-02
   4.3370e-01   5.1155e-01   4.1909e-01
   1.5262e-02   1.8001e-02   1.4748e-02
   1.8692e-01   2.2047e-01   1.8062e-01
   9.7555e-01   1.1507e+00   9.4270e-01
   9.9839e-01   1.1776e+00   9.6477e-01
   2.3216e+00   2.7383e+00   2.2434e+00
   1.2623e+00   1.4889e+00   1.2198e+00
  -7.2890e-01  -8.5975e-01  -7.0435e-01
   1.4681e-02   1.7316e-02   1.4186e-02
   4.2287e-02   4.9879e-02   4.0863e-02
   2.5076e+00   2.9578e+00   2.4232e+00
   2.0899e+00   2.4651e+00   2.0195e+00
   9.7815e-02   1.1537e-01   9.4521e-02
   9.0029e-01   1.0619e+00   8.6997e-01
  -3.3018e-02  -3.8945e-02  -3.1906e-02
   2.8464e-01   3.3574e-01   2.7506e-01
   1.4987e-02   1.7678e-02   1.4483e-02
   1.5903e-01   1.8758e-01   1.5368e-01
   4.2503e-01   5.0133e-01   4.1072e-01
   9.6916e-01   1.1431e+00   9.3652e-01
   5.8498e-01   6.9000e-01   5.6528e-01
   2.2848e+00   2.6949e+00   2.2078e+00
  -1.4704e-01  -1.7344e-01  -1.4209e-01
  -1.4019e-02  -1.6535e-02  -1.3547e-02
   1.0768e-01   1.2701e-01   1.0405e-01
   2.8513e-01   3.3631e-01   2.7552e-01
   6.0686e-01   7.1580e-01   5.8643e-01
   3.0036e-01   3.5428e-01   2.9024e-01
   9.4542e-01   1.1151e+00   9.1359e-01
   2.8287e+00   3.3365e+00   2.7335e+00
   1.7996e+00   2.1227e+00   1.7390e+00
   3.5976e-01   4.2435e-01   3.4765e-01
   1.5063e+00   1.7767e+00   1.4556e+00
   1.8717e-01   2.2078e-01   1.8087e-01
  -1.3535e-01  -1.5964e-01  -1.3079e-01
   1.3615e+00   1.6059e+00   1.3157e+00
   3.2576e-01   3.8424e-01   3.1479e-01
   1.4649e-01   1.7279e-01   1.4156e-01
   2.4582e-01   2.8994e-01   2.3754e-01
   5.4579e-04   6.4376e-04   5.2741e-04
   1.2166e-01   1.4350e-01   1.1756e-01
  -1.3030e-01  -1.5369e-01  -1.2591e-01
   2.1782e-02   2.5692e-02   2.1048e-02
   3.8181e-01   4.5035e-01   3.6895e-01
   2.8294e-01   3.3373e-01   2.7341e-01
   1.0302e+00   1.2151e+00   9.9549e-01
   1.0900e-01   1.2856e-01   1.0533e-01
   7.4866e-01   8.8306e-01   7.2345e-01
   6.2019e-02   7.3153e-02   5.9931e-02
   1.2028e-01   1.4187e-01   1.1623e-01
   2.9546e-04   3.4850e-04   2.8551e-04
   8.2421e-01   9.7217e-01   7.9646e-01
   5.0197e-01   5.9208e-01   4.8506e-01
   5.3708e-01   6.3349e-01   5.1899e-01
   1.9586e-01   2.3102e-01   1.8926e-01
  -1.7334e-01  -2.0446e-01  -1.6750e-01
  -7.3188e-03  -8.6326e-03  -7.0723e-03
   1.1801e+00   1.3919e+00   1.1403e+00
   1.0417e+00   1.2286e+00   1.0066e+00
   1.1420e-01   1.3470e-01   1.1035e-01
  -3.9874e-01  -4.7032e-01  -3.8531e-01
   5.8220e-01   6.8672e-01   5.6260e-01
  -5.0746e-01  -5.9856e-01  -4.9037e-01
   1.0935e+00   1.2898e+00   1.0566e+00
   1.4824e+00   1.7486e+00   1.4325e+00
   1.6771e+00   1.9782e+00   1.6207e+00
  -4.0376e-01  -4.7624e-01  -3.9017e-01
  -4.6778e-01  -5.5176e-01  -4.5203e-01
   2.2136e-01   2.6110e-01   2.1390e-01
   1.0686e+00   1.2605e+00   1.0326e+00
   1.4741e+00   1.7387e+00   1.4244e+00
  -4.4910e-03  -5.2972e-03  -4.3397e-03
   1.0939e+00   1.2902e+00   1.0570e+00
   1.0341e+00   1.2197e+00   9.9927e-01
  -1.8252e-01  -2.1529e-01  -1.7638e-01
   3.7818e-02   4.4607e-02   3.6545e-02
   6.3466e-01   7.4859e-01   6.1329e-01
  -5.1679e-01  -6.0956e-01  -4.9938e-01
   1.9407e+00   2.2891e+00   1.8754e+00
   1.5028e-01   1.7725e-01   1.4522e-01
  -1.4114e-01  -1.6648e-01  -1.3639e-01
   2.3218e+00   2.7386e+00   2.2436e+00
   7.5909e-01   8.9536e-01   7.3353e-01
   2.6847e-01   3.1667e-01   2.5943e-01
   2.4554e-01   2.8962e-01   2.3727e-01
   8.8943e-01   1.0491e+00   8.5948e-01
   2.5279e-01   2.9817e-01   2.4428e-01
   8.7240e-01   1.0290e+00   8.4302e-01
   7.5753e-01   8.9352e-01   7.3202e-01
   1.1794e+00   1.3911e+00   1.1397e+00
   1.2780e-01   1.5075e-01   1.2350e-01
   9.3147e-01   1.0987e+00   9.0010e-01
   3.9540e-02   4.6638e-02   3.8209e-02
   1.1949e+00   1.4094e+00   1.1546e+00
   6.5155e-01   7.6851e-01   6.2960e-01
   5.1175e-01   6.0361e-01   4.9451e-01
   1.1350e+00   1.3388e+00   1.0968e+00
   1.4573e+00   1.7189e+00   1.4082e+00
   5.6506e-01   6.6650e-01   5.4603e-01
   4.9486e-01   5.8370e-01   4.7820e-01
   1.4828e-01   1.7490e-01   1.4328e-01
   7.5216e-01   8.8719e-01   7.2683e-01
   2.6361e-01   3.1093e-01   2.5473e-01
   7.4141e-02   8.7450e-02   7.1644e-02
   6.6452e-01   7.8381e-01   6.4214e-01
  -5.9395e-02  -7.0058e-02  -5.7395e-02
   1.3318e-01   1.5709e-01   1.2870e-01
   1.4421e+00   1.7010e+00   1.3936e+00
   2.0050e+00   2.3649e+00   1.9374e+00
   2.0691e-02   2.4406e-02   1.9995e-02
   7.5888e-01   8.9511e-01   7.3332e-01
   7.9420e-03   9.3677e-03   7.6746e-03
  -2.2242e-01  -2.6235e-01  -2.1493e-01
   1.2750e-01   1.5038e-01   1.2320e-01
  -1.0006e-01  -1.1802e-01  -9.6692e-02
   4.1982e-01   4.9518e-01   4.0568e-01
  -3.7181e-01  -4.3855e-01  -3.5929e-01
  -1.5923e-01  -1.8781e-01  -1.5386e-01
   3.9537e-01   4.6635e-01   3.8206e-01
   3.5949e-01   4.2403e-01   3.4739e-01
   8.0242e-01   9.4647e-01   7.7540e-01
   3.3212e-01   3.9174e-01   3.2093e-01
   2.4713e+00   2.9149e+00   2.3881e+00
   1.0085e-01   1.1896e-01   9.7458e-02
  -6.2980e-02  -7.4286e-02  -6.0859e-02
   4.3456e-01   5.1257e-01   4.1992e-01
   5.3324e-01   6.2896e-01   5.1528e-01
   2.9419e-01   3.4701e-01   2.8429e-01
   4.5447e-01   5.3606e-01   4.3917e-01
   3.3184e-01   3.9142e-01   3.2067e-01
   1.9199e-01   2.2645e-01   1.8552e-01
   1.9203e-02   2.2651e-02   1.8557e-02
   4.0476e-01   4.7742e-01   3.9113e-01
  -2.0900e-01  -2.4652e-01  -2.0196e-01
   5.5385e-01   6.5327e-01   5.3520e-01
  -4.8997e-01  -5.7793e-01  -4.7347e-01
   1.1866e-01   1.3997e-01   1.1467e-01
   1.2652e+00   1.4924e+00   1.2226e+00
   3.7456e-01   4.4180e-01   3.6194e-01
   1.8261e+00   2.1540e+00   1.7647e+00
  -5.2356e-01  -6.1755e-01  -5.0593e-01
   4.2505e-01   5.0135e-01   4.1073e-01
   5.4205e-01   6.3936e-01   5.2379e-01
   7.3094e-01   8.6216e-01   7.0633e-01
   6.6436e-01   7.8363e-01   6.4199e-01
   1.1220e-01   1.3234e-01   1.0842e-01
  -2.1624e-01  -2.5506e-01  -2.0896e-01
  -2.2946e-02  -2.7065e-02  -2.2173e-02
   3.6545e-01   4.3105e-01   3.5314e-01
   6.0511e-01   7.1373e-01   5.8473e-01
  -2.5153e-02  -2.9668e-02  -2.4306e-02
   8.1997e-01   9.6717e-01   7.9236e-01
   1.1523e+00   1.3592e+00   1.1135e+00
   4.4424e-01   5.2399e-01   4.2928e-01
   4.0895e-01   4.8237e-01   3.9518e-01
  -1.4729e-02  -1.7373e-02  -1.4233e-02
  -7.7802e-03  -9.1769e-03  -7.5182e-03
   6.4401e-01   7.5963e-01   6.2233e-01
  -1.9560e-01  -2.3071e-01  -1.8901e-01
  -9.0478e-02  -1.0672e-01  -8.7431e-02
   3.0214e-01   3.5638e-01   2.9196e-01
  -2.1726e-01  -2.5627e-01  -2.0995e-01
  -1.5776e-01  -1.8609e-01  -1.5245e-01
   1.8502e+00   2.1823e+00   1.7879e+00
   5.6287e-01   6.6392e-01   5.4392e-01
   8.1231e-02   9.5813e-02   7.8495e-02
  -1.0636e+00  -1.2545e+00  -1.0277e+00
   4.3639e-01   5.1473e-01   4.2169e-01
   4.7462e-01   5.5983e-01   4.5864e-01
   1.6334e+00   1.9267e+00   1.5784e+00
   1.2904e-02   1.5221e-02   1.2470e-02
  -8.1973e-01  -9.6689e-01  -7.9213e-01
   9.1560e-01   1.0800e+00   8.8477e-01
   3.4879e-01   4.1141e-01   3.3705e-01
   9.3012e-02   1.0971e-01   8.9880e-02
   1.1642e+00   1.3732e+00   1.1250e+00
   6.0334e-01   7.1165e-01   5.8302e-01
   2.1430e-02   2.5277e-02   2.0708e-02
   5.1185e-02   6.0374e-02   4.9462e-02
  -4.6179e-01  -5.4469e-01  -4.4624e-01
  -5.2165e-01  -6.1530e-01  -5.0409e-01
   6.2458e-03   7.3670e-03   6.0355e-03
   1.3197e+00   1.5566e+00   1.2753e+00
  -1.4653e-01  -1.7283e-01  -1.4159e-01
   1.5009e-01   1.7704e-01   1.4504e-01
  -1.3418e+00  -1.5826e+00  -1.2966e+00
  -1.7444e-01  -2.0575e-01  -1.6857e-01
   1.1794e+00   1.3911e+00   1.1397e+00
   1.2710e+00   1.4992e+00   1.2282e+00
   1.3762e+00   1.6233e+00   1.3299e+00
   7.0246e-03   8.2857e-03   6.7881e-03
   6.8224e-01   8.0471e-01   6.5926e-01
   1.8122e+00   2.1376e+00   1.7512e+00
   1.3840e+00   1.6324e+00   1.3374e+00
   9.5423e-01   1.1255e+00   9.2210e-01
   2.0550e-01   2.4239e-01   1.9858e-01
   6.1795e-01   7.2888e-01   5.9714e-01
   4.8926e-01   5.7709e-01   4.7279e-01
  -1.5070e-02  -1.7775e-02  -1.4562e-02
   1.8171e+00   2.1433e+00   1.7559e+00
   2.4116e+00   2.8445e+00   2.3304e+00
  -4.8633e-01  -5.7363e-01  -4.6995e-01
   1.0333e-01   1.2187e-01   9.9847e-02
  -5.1660e-01  -6.0934e-01  -4.9921e-01
  -5.1633e-01  -6.0902e-01  -4.9894e-01
  -2.1378e-02  -2.5215e-02  -2.0658e-02
   7.8596e-01   9.2706e-01   7.5950e-01
   3.1947e-01   3.7682e-01   3.0871e-01
   3.0971e-02   3.6531e-02   2.9928e-02
  -7.6862e-01  -9.0660e-01  -7.4274e-01
   1.1111e-02   1.3105e-02   1.0737e-02
   2.1959e-01   2.5901e-01   2.1219e-01
  -1.3082e-01  -1.5431e-01  -1.2642e-01
  -3.5142e-01  -4.1450e-01  -3.3958e-01
   2.4681e+00   2.9111e+00   2.3850e+00
   4.5811e-01   5.4034e-01   4.4268e-01
   3.0158e-01   3.5572e-01   2.9142e-01
  -4.1353e-01  -4.8777e-01  -3.9961e-01
  -1.0814e-01  -1.2755e-01  -1.0450e-01
   8.8304e-01   1.0416e+00   8.5330e-01
  -4.3749e-02  -5.1602e-02  -4.2275e-02
   3.5998e-01   4.2461e-01   3.4786e-01
   6.6064e-02   7.7924e-02   6.3840e-02
   7.9619e-01   9.3911e-01   7.6937e-01
   3.3175e-01   3.9130e-01   3.2057e-01
   1.8034e-01   2.1271e-01   1.7426e-01
  -6.4074e-01  -7.5577e-01  -6.1917e-01
  -6.7556e-01  -7.9683e-01  -6.5281e-01
   1.2437e+00   1.4670e+00   1.2018e+00
   3.2559e-01   3.8404e-01   3.1463e-01
   8.0503e-01   9.4954e-01   7.7792e-01
   3.6464e-02   4.3010e-02   3.5236e-02
   8.5350e-01   1.0067e+00   8.2476e-01
   1.0996e+00   1.2971e+00   1.0626e+00
  -5.8996e-01  -6.9587e-01  -5.7009e-01
  -8.8683e-02  -1.0460e-01  -8.5697e-02
   9.9272e-01   1.1709e+00   9.5929e-01
   1.9565e-02   2.3077e-02   1.8906e-02
   6.0646e-01   7.1533e-01   5.8603e-01
   1.1651e+00   1.3742e+00   1.1258e+00
   6.5827e-01   7.7644e-01   6.3610e-01
   5.8309e-01   6.8776e-01   5.6345e-01
   4.3595e-03   5.1421e-03   4.2127e-03
  -7.9252e-03  -9.3479e-03  -7.6583e-03
   1.9257e+00   2.2714e+00   1.8608e+00
   1.6535e+00   1.9503e+00   1.5978e+00
   9.8441e-01   1.1611e+00   9.5126e-01
  -1.6222e-01  -1.9134e-01  -1.5676e-01
  -2.1816e-01  -2.5732e-01  -2.1081e-01
   2.8229e-01   3.3296e-01   2.7278e-01
   2.0423e-02   2.4090e-02   1.9736e-02
   2.3726e+00   2.7985e+00   2.2927e+00
  -1.0118e-01  -1.1935e-01  -9.7777e-02
   1.1563e+00   1.3639e+00   1.1174e+00
  -2.5390e-02  -2.9948e-02  -2.4535e-02
   2.1853e-01   2.5776e-01   2.1117e-01
  -5.0111e-01  -5.9107e-01  -4.8424e-01
   1.4821e+00   1.7482e+00   1.4322e+00
   2.0421e-01   2.4086e-01   1.9733e-01
   2.1872e-01   2.5798e-01   2.1135e-01
   1.1560e+00   1.3635e+00   1.1171e+00
  -4.9894e-02  -5.8851e-02  -4.8214e-02
   2.1307e-01   2.5132e-01   2.0589e-01
   5.4022e-01   6.3720e-01   5.2203e-01
   4.1537e-01   4.8994e-01   4.0138e-01
  -6.3772e-03  -7.5220e-03  -6.1624e-03
  -7.7685e-01  -9.1631e-01  -7.5069e-01
  -1.5938e-01  -1.8799e-01  -1.5401e-01
   6.8750e-02   8.1092e-02   6.6435e-02
   3.3513e-01   3.9529e-01   3.2384e-01
   9.1179e-01   1.0755e+00   8.8109e-01
  -2.3276e-02  -2.7455e-02  -2.2492e-02
  -1.3367e-01  -1.5767e-01  -1.2917e-01
  -9.8587e-02  -1.1629e-01  -9.5267e-02
   9.5159e-01   1.1224e+00   9.1955e-01
   1.8728e-02   2.2090e-02   1.8097e-02
   5.7069e-01   6.7313e-01   5.5147e-01
   2.7561e-01   3.2509e-01   2.6633e-01
   6.2359e-01   7.3553e-01   6.0259e-01
   1.4426e-02   1.7016e-02   1.3940e-02
  -1.9916e-02  -2.3492e-02  -1.9246e-02
   1.7753e-02   2.0940e-02   1.7155e-02
   1.6092e+00   1.8981e+00   1.5550e+00
  -2.8251e-03  -3.3322e-03  -2.7300e-03
   4.0732e-02   4.8044e-02   3.9360e-02
   8.4212e-01   9.9329e-01   8.1376e-01
  -6.2251e-01  -7.3426e-01  -6.0154e-01
  -1.8040e-01  -2.1278e-01  -1.7432e-01
   3.7168e-01   4.3841e-01   3.5917e-01
  -1.7071e-01  -2.0136e-01  -1.6496e-01
   2.9327e-01   3.4591e-01   2.8339e-01
   1.8524e+00   2.1849e+00   1.7900e+00
  -3.2422e-01  -3.8243e-01  -3.1331e-01
   4.3981e-01   5.1877e-01   4.2500e-01
   8.8345e-01   1.0420e+00   8.5370e-01
  -2.2125e-02  -2.6097e-02  -2.1380e-02
   1.2679e-01   1.4956e-01   1.2253e-01
   1.2592e-01   1.4853e-01   1.2168e-01
  -1.7006e-01  -2.0059e-01  -1.6434e-01
   1.2464e+00   1.4701e+00   1.2044e+00
  -4.8590e-01  -5.7313e-01  -4.6954e-01
   4.0344e-01   4.7587e-01   3.8986e-01
   5.0128e-01   5.9127e-01   4.8440e-01
   8.5871e-01   1.0129e+00   8.2979e-01
   4.6611e-01   5.4979e-01   4.5042e-01
   4.2555e-01   5.0194e-01   4.1122e-01
   1.3440e+00   1.5853e+00   1.2988e+00
   7.9583e-01   9.3870e-01   7.6903e-01
   6.4058e-01   7.5557e-01   6.1900e-01
   4.9387e-01   5.8252e-01   4.7724e-01
   1.6366e-02   1.9304e-02   1.5815e-02
   1.2115e+00   1.4290e+00   1.1707e+00
   2.0666e+00   2.4376e+00   1.9970e+00
   9.7605e-01   1.1513e+00   9.4318e-01
  -4.2730e-01  -5.0401e-01  -4.1291e-01
  -6.3634e-01  -7.5057e-01  -6.1491e-01
   6.1602e-01   7.2661e-01   5.9528e-01
   1.1881e+00   1.4013e+00   1.1481e+00
  -1.8813e-01  -2.2190e-01  -1.8179e-01
   6.3387e-01   7.4766e-01   6.1253e-01
   5.5447e-02   6.5400e-02   5.3580e-02
   5.0037e-01   5.9020e-01   4.8352e-01
   8.3173e-02   9.8104e-02   8.0372e-02
   1.3325e-01   1.5717e-01   1.2877e-01
   3.1291e-01   3.6909e-01   3.0238e-01
   1.6672e-01   1.9665e-01   1.6111e-01
   3.1433e-02   3.7075e-02   3.0374e-02
  -4.9256e-02  -5.8098e-02  -4.7597e-02
   1.2926e+00   1.5247e+00   1.2491e+00
   5.6740e-01   6.6926e-01   5.4829e-01
   1.8640e+00   2.1986e+00   1.8012e+00
   3.9054e-01   4.6065e-01   3.7739e-01
   3.1418e-01   3.7059e-01   3.0360e-01
   4.9688e-01   5.8608e-01   4.8015e-01
   4.0986e-01   4.8343e-01   3.9606e-01
   1.0467e+00   1.2346e+00   1.0114e+00
   1.7849e-01   2.1053e-01   1.7248e-01
   5.3441e-01   6.3034e-01   5.1641e-01
   1.4351e-01   1.6927e-01   1.3868e-01
   2.1787e-02   2.5698e-02   2.1053e-02
   6.2088e-01   7.3234e-01   5.9997e-01
   4.5922e-01   5.4166e-01   4.4375e-01
  -2.8486e-01  -3.3600e-01  -2.7527e-01
   1.0818e+00   1.2760e+00   1.0454e+00
   1.9660e+00   2.3189e+00   1.8998e+00
   2.1882e-03   2.5810e-03   2.1145e-03
   2.2169e-01   2.6149e-01   2.1423e-01
   2.6589e-03   3.1362e-03   2.5694e-03
  -3.8956e-01  -4.5950e-01  -3.7644e-01
   3.5856e-01   4.2293e-01   3.4649e-01
   1.1017e-02   1.2995e-02   1.0646e-02
   3.6022e-01   4.2488e-01   3.4809e-01
   2.2945e+00   2.7064e+00   2.2172e+00
   2.6036e-02   3.0710e-02   2.5159e-02
  -2.6181e-01  -3.0881e-01  -2.5300e-01
   3.7277e-01   4.3969e-01   3.6022e-01
   1.2040e+00   1.4202e+00   1.1635e+00
  -8.6345e-01  -1.0185e+00  -8.3438e-01
  -3.4867e-01  -4.1126e-01  -3.3693e-01
   3.1080e+00   3.6659e+00   3.0033e+00
   2.3376e-01   2.7573e-01   2.2589e-01
   1.6541e-02   1.9511e-02   1.5984e-02
  -7.1021e-02  -8.3771e-02  -6.8629e-02
   6.1201e-02   7.2188e-02   5.9140e-02
   6.0441e-01   7.1291e-01   5.8405e-01
   2.4594e+00   2.9009e+00   2.3765e+00
   5.1950e-01   6.1276e-01   5.0201e-01
   2.1657e-02   2.5545e-02   2.0928e-02
   9.6856e-01   1.1424e+00   9.3594e-01
   1.0811e+00   1.2752e+00   1.0447e+00
   5.5765e-01   6.5776e-01   5.3887e-01
   4.3459e-01   5.1260e-01   4.1995e-01
   1.0254e+00   1.2095e+00   9.9087e-01
   4.3671e-02   5.1511e-02   4.2201e-02
   2.0796e+00   2.4529e+00   2.0096e+00
   4.7141e-02   5.5603e-02   4.5553e-02
  -1.2843e-01  -1.5148e-01  -1.2410e-01
   1.6216e+00   1.9126e+00   1.5669e+00
   1.6278e-01   1.9200e-01   1.5729e-01
   4.2145e-01   4.9711e-01   4.0726e-01
   4.7961e-02   5.6571e-02   4.6346e-02
  -1.3157e-01  -1.5519e-01  -1.2714e-01
   1.9827e-01   2.3386e-01   1.9159e-01
   1.9524e+00   2.3029e+00   1.8867e+00
   5.3094e-02   6.2626e-02   5.1306e-02
   7.6458e-01   9.0184e-01   7.3883e-01
   7.0862e-01   8.3583e-01   6.8476e-01
   1.0406e-01   1.2274e-01   1.0056e-01
   5.8072e-01   6.8497e-01   5.6117e-01
   3.2191e-01   3.7970e-01   3.1107e-01
   1.9679e-02   2.3212e-02   1.9016e-02
   9.0755e-02   1.0705e-01   8.7699e-02
   1.2434e-01   1.4666e-01   1.2015e-01
  -8.2349e-02  -9.7132e-02  -7.9576e-02
   8.7186e-01   1.0284e+00   8.4250e-01
  -5.5405e-02  -6.5352e-02  -5.3540e-02
   4.1198e-01   4.8593e-01   3.9810e-01
   7.1132e-01   8.3901e-01   6.8737e-01
   1.2865e-02   1.5174e-02   1.2432e-02
  -1.3541e-02  -1.5972e-02  -1.3085e-02
   6.9206e-01   8.1629e-01   6.6875e-01
   8.6435e-01   1.0195e+00   8.3524e-01
   8.1144e-01   9.5711e-01   7.8412e-01
  -2.5416e-01  -2.9979e-01  -2.4560e-01
   1.3737e-01   1.6203e-01   1.3274e-01
  -2.3720e-01  -2.7978e-01  -2.2921e-01
   3.7548e-01   4.4288e-01   3.6283e-01
   2.4199e-01   2.8543e-01   2.3384e-01
  -8.9089e-03  -1.0508e-02  -8.6089e-03
   2.3211e-02   2.7377e-02   2.2429e-02
   9.7317e-01   1.1479e+00   9.4040e-01
   3.1480e-01   3.7131e-01   3.0420e-01
   1.5228e-01   1.7961e-01   1.4715e-01
   8.6942e-01   1.0255e+00   8.4014e-01
   9.3754e-02   1.1058e-01   9.0597e-02
   1.0131e+00   1.1950e+00   9.7898e-01
   5.7845e-01   6.8229e-01   5.5897e-01
   5.9167e-01   6.9788e-01   5.7174e-01
   3.1974e-01   3.7714e-01   3.0897e-01
   4.6773e-01   5.5170e-01   4.5198e-01
   7.8725e-01   9.2858e-01   7.6074e-01
   1.0840e-01   1.2786e-01   1.0475e-01
  -1.6203e-01  -1.9112e-01  -1.5657e-01
   6.0300e-01   7.1125e-01   5.8269e-01
   1.3994e+00   1.6506e+00   1.3523e+00
   2.1128e+00   2.4920e+00   2.0416e+00
  -1.3921e-01  -1.6421e-01  -1.3453e-01
   4.0940e-01   4.8290e-01   3.9561e-01
  -3.6738e-01  -4.3333e-01  -3.5500e-01
  -1.2718e-01  -1.5001e-01  -1.2290e-01
   7.0150e-01   8.2743e-01   6.7787e-01
   1.6950e-01   1.9993e-01   1.6380e-01
   8.6369e-01   1.0187e+00   8.3461e-01
   3.9459e-01   4.6543e-01   3.8130e-01
   8.9904e-01   1.0604e+00   8.6877e-01
   4.8022e-03   5.6643e-03   4.6405e-03
   2.9642e-02   3.4963e-02   2.8644e-02
   7.1276e-01   8.4071e-01   6.8876e-01
   4.4157e-01   5.2084e-01   4.2670e-01
   3.7290e-01   4.3984e-01   3.6034e-01
   2.7020e-01   3.1870e-01   2.6110e-01
   1.0432e+00   1.2305e+00   1.0081e+00
   9.3025e-01   1.0972e+00   8.9893e-01
   2.1086e-01   2.4871e-01   2.0376e-01
   3.2339e-02   3.8144e-02   3.1250e-02
   1.7483e+00   2.0622e+00   1.6894e+00
   1.8468e-01   2.1783e-01   1.7846e-01
  -2.9056e-01  -3.4272e-01  -2.8077e-01
   6.8962e-01   8.1342e-01   6.6639e-01
   4.0780e-01   4.8101e-01   3.9407e-01
   1.1529e+00   1.3599e+00   1.1141e+00
   1.1569e-01   1.3645e-01   1.1179e-01
  -6.2118e-01  -7.3269e-01  -6.0026e-01
   5.1874e-01   6.1187e-01   5.0127e-01
   1.3642e+00   1.6091e+00   1.3182e+00
   1.7293e+00   2.0397e+00   1.6711e+00
   3.8402e-01   4.5296e-01   3.7109e-01
  -2.9569e-02  -3.4877e-02  -2.8573e-02
   1.5382e-01   1.8143e-01   1.4864e-01
   3.6259e-01   4.2768e-01   3.5038e-01
   1.8926e-01   2.2324e-01   1.8289e-01
  -6.5225e-01  -7.6934e-01  -6.3029e-01
   3.3410e-01   3.9407e-01   3.2284e-01
   1.1202e-01   1.3213e-01   1.0824e-01
  -1.5562e-01  -1.8355e-01  -1.5038e-01
   9.4866e-01   1.1190e+00   9.1671e-01
   1.2019e+00   1.4177e+00   1.1614e+00
   3.3483e-01   3.9494e-01   3.2356e-01
   7.0830e-01   8.3545e-01   6.8445e-01
   1.8517e+00   2.1842e+00   1.7894e+00
   7.8304e-01   9.2361e-01   7.5667e-01
  -7.6956e-02  -9.0771e-02  -7.4364e-02
   1.0414e-01   1.2283e-01   1.0063e-01
   9.4740e-02   1.1175e-01   9.1550e-02
  -4.7116e-02  -5.5575e-02  -4.5530e-02
   1.2054e-01   1.4218e-01   1.1648e-01
   1.3498e+00   1.5922e+00   1.3044e+00
   9.0566e-01   1.0682e+00   8.7516e-01
   7.4135e-01   8.7443e-01   7.1638e-01
   4.3694e-01   5.1538e-01   4.2222e-01
   1.3883e+00   1.6376e+00   1.3416e+00
   7.7348e-01   9.1234e-01   7.4744e-01
  -5.3037e-02  -6.2558e-02  -5.1251e-02
   1.1325e+00   1.3358e+00   1.0943e+00
   8.9838e-01   1.0597e+00   8.6812e-01
   1.0581e+00   1.2480e+00   1.0224e+00
   2.6247e+00   3.0959e+00   2.5363e+00
  -1.4787e-02  -1.7441e-02  -1.4289e-02
   1.4554e-02   1.7167e-02   1.4064e-02
   3.9333e-02   4.6394e-02   3.8008e-02
   8.0555e-02   9.5015e-02   7.7842e-02
  -1.4807e-01  -1.7465e-01  -1.4308e-01
   3.4584e-01   4.0793e-01   3.3420e-01
   1.7136e+00   2.0212e+00   1.6559e+00
   1.0258e+00   1.2099e+00   9.9125e-01
  -7.5201e-01  -8.8701e-01  -7.2669e-01
   2.7521e-01   3.2462e-01   2.6594e-01
   1.1342e+00   1.3378e+00   1.0960e+00
  -2.0617e-02  -2.4318e-02  -1.9922e-02
   6.8798e-02   8.1148e-02   6.6481e-02
   9.9276e-01   1.1710e+00   9.5933e-01
   1.4862e-01   1.7530e-01   1.4361e-01
   1.2412e-01   1.4640e-01   1.1994e-01
  -8.2910e-02  -9.7794e-02  -8.0118e-02
  -1.0929e-02  -1.2891e-02  -1.0561e-02
   1.2700e+00   1.4980e+00   1.2272e+00
   9.6715e-01   1.1408e+00   9.3458e-01
   4.0122e-01   4.7324e-01   3.8771e-01
   1.0167e+00   1.1992e+00   9.8242e-01
  -2.4412e-01  -2.8794e-01  -2.3590e-01
   2.0310e-01   2.3956e-01   1.9626e-01
  -4.3273e-03  -5.1042e-03  -4.1816e-03
   1.9625e-02   2.3148e-02   1.8964e-02
   5.7473e-01   6.7790e-01   5.5537e-01
   8.3056e-01   9.7966e-01   8.0259e-01
   5.8911e-01   6.9487e-01   5.6927e-01
   2.7996e-01   3.3021e-01   2.7053e-01
   3.9330e-01   4.6390e-01   3.8005e-01
   3.3685e-01   3.9732e-01   3.2551e-01
   9.2150e-02   1.0869e-01   8.9047e-02
   1.4740e+00   1.7387e+00   1.4244e+00
   7.1109e-02   8.3875e-02   6.8715e-02
   1.6565e+00   1.9539e+00   1.6007e+00
   2.0085e-01   2.3690e-01   1.9408e-01
  -3.6605e-02  -4.3176e-02  -3.5372e-02
  -2.2435e-01  -2.6462e-01  -2.1680e-01
   7.0194e-01   8.2795e-01   6.7830e-01
   2.5784e-01   3.0413e-01   2.4916e-01
   2.3428e-01   2.7634e-01   2.2639e-01
   9.4510e-01   1.1148e+00   9.1327e-01
   1.4249e+00   1.6807e+00   1.3769e+00
   1.1253e+00   1.3274e+00   1.0874e+00
   2.3150e+00   2.7306e+00   2.2371e+00
  -1.7257e-02  -2.0355e-02  -1.6676e-02
   1.1280e+00   1.3305e+00   1.0900e+00
   1.0930e+00   1.2892e+00   1.0562e+00
   1.6631e-01   1.9616e-01   1.6070e-01
   7.0571e-02   8.3239e-02   6.8194e-02
   1.1606e+00   1.3689e+00   1.1215e+00
  -1.4004e-02  -1.6518e-02  -1.3532e-02
  -1.3210e-01  -1.5582e-01  -1.2765e-01
  -9.1856e-02  -1.0835e-01  -8.8762e-02
  -4.0659e-03  -4.7958e-03  -3.9290e-03
   2.0419e-01   2.4085e-01   1.9731e-01
   4.9778e-02   5.8714e-02   4.8102e-02
   1.0177e-01   1.2004e-01   9.8346e-02
   6.5549e-01   7.7316e-01   6.3342e-01
   3.2177e-01   3.7953e-01   3.1093e-01
   2.3321e+00   2.7508e+00   2.2536e+00
   1.0714e+00   1.2637e+00   1.0353e+00
   2.1569e+00   2.5441e+00   2.0843e+00
   3.6611e-01   4.3183e-01   3.5378e-01
   2.4282e+00   2.8641e+00   2.3464e+00
   2.3164e-01   2.7322e-01   2.2384e-01
  -4.3736e-01  -5.1587e-01  -4.2263e-01
   5.5642e-01   6.5630e-01   5.3768e-01
  -2.6339e-01  -3.1068e-01  -2.5452e-01
   3.6997e-01   4.3639e-01   3.5751e-01
   1.0122e+00   1.1939e+00   9.7808e-01
   1.1645e-01   1.3736e-01   1.1253e-01
   2.3063e-01   2.7203e-01   2.2286e-01
   1.4532e+00   1.7140e+00   1.4042e+00
   7.5407e-01   8.8944e-01   7.2867e-01
   1.1110e+00   1.3105e+00   1.0736e+00
   9.6214e-02   1.1349e-01   9.2974e-02
  -3.4769e-03  -4.1011e-03  -3.3598e-03
   1.1667e-02   1.3761e-02   1.1274e-02
   2.1476e+00   2.5331e+00   2.0752e+00
   4.4211e-02   5.2147e-02   4.2722e-02
   1.4067e+00   1.6592e+00   1.3593e+00
   4.1197e-01   4.8592e-01   3.9809e-01
  -8.9817e-02  -1.0594e-01  -8.6792e-02
  -3.4554e-01  -4.0758e-01  -3.3391e-01
   1.5087e+00   1.7795e+00   1.4579e+00
   6.3169e-01   7.4509e-01   6.1042e-01
   1.7952e-01   2.1175e-01   1.7348e-01
   5.0054e-01   5.9040e-01   4.8369e-01
   2.9966e-01   3.5346e-01   2.8957e-01
  -1.4814e-02  -1.7473e-02  -1.4315e-02
  -2.2444e-01  -2.6473e-01  -2.1688e-01
  -2.4292e-01  -2.8653e-01  -2.3474e-01
   3.5963e-01   4.2419e-01   3.4752e-01
   1.9506e-01   2.3007e-01   1.8849e-01
  -7.3825e-01  -8.7078e-01  -7.1339e-01
   1.9141e-01   2.2577e-01   1.8496e-01
   9.4467e-01   1.1142e+00   9.1285e-01
   1.1191e-01   1.3200e-01   1.0814e-01
   1.1801e+00   1.3920e+00   1.1404e+00
   1.5347e-01   1.8102e-01   1.4830e-01
   1.5399e+00   1.8163e+00   1.4880e+00
   4.2730e-01   5.0401e-01   4.1291e-01
  -4.5189e-01  -5.3302e-01  -4.3668e-01
   1.1394e+00   1.3439e+00   1.1010e+00
  -6.1918e-03  -7.3033e-03  -5.9833e-03
   1.6060e-01   1.8943e-01   1.5519e-01
   1.3121e-01   1.5477e-01   1.2679e-01
   5.8466e-01   6.8962e-01   5.6497e-01
   4.7078e-01   5.5530e-01   4.5493e-01
   5.9729e-02   7.0452e-02   5.7718e-02
   4.3536e-01   5.1351e-01   4.2069e-01
  -1.4746e+00  -1.7393e+00  -1.4249e+00
   8.7765e-02   1.0352e-01   8.4809e-02
   1.2145e-01   1.4326e-01   1.1736e-01
   1.5200e+00   1.7929e+00   1.4688e+00
   3.1939e-01   3.7673e-01   3.0864e-01
   9.7980e-01   1.1557e+00   9.4680e-01
   3.1625e-01   3.7302e-01   3.0560e-01
   9.9718e-01   1.1762e+00   9.6360e-01
  -7.1004e-02  -8.3750e-02  -6.8613e-02
  -5.8532e-01  -6.9039e-01  -5.6561e-01
   5.6374e-03   6.6494e-03   5.4476e-03
   1.5975e+00   1.8843e+00   1.5437e+00
   1.2712e-01   1.4995e-01   1.2284e-01
   1.1350e-02   1.3387e-02   1.0967e-02
  -5.4010e-01  -6.3706e-01  -5.2192e-01
   1.2519e-01   1.4766e-01   1.2097e-01
   1.9305e-04   2.2770e-04   1.8655e-04
   5.9950e-01   7.0712e-01   5.7931e-01
   1.4197e-02   1.6746e-02   1.3719e-02
   1.4113e+00   1.6647e+00   1.3638e+00
  -5.3736e-02  -6.3382e-02  -5.1926e-02
   4.9363e-01   5.8225e-01   4.7701e-01
   8.5467e-02   1.0081e-01   8.2589e-02
   7.7522e-01   9.1439e-01   7.4912e-01
  -2.9434e-01  -3.4717e-01  -2.8442e-01
   5.9546e-01   7.0236e-01   5.7541e-01
   8.1215e-02   9.5794e-02   7.8480e-02
  -1.1309e-01  -1.3340e-01  -1.0929e-01
   2.2038e-03   2.5994e-03   2.1296e-03
  -9.0647e-02  -1.0692e-01  -8.7594e-02
   1.2244e-01   1.4442e-01   1.1832e-01
   2.3324e-01   2.7511e-01   2.2539e-01
   6.6814e-01   7.8809e-01   6.4564e-01
   3.5843e-01   4.2278e-01   3.4636e-01
  -3.9497e-01  -4.6587e-01  -3.8167e-01
   3.5999e-01   4.2461e-01   3.4787e-01
   1.7142e-02   2.0219e-02   1.6564e-02
   8.8275e-01   1.0412e+00   8.5302e-01
  -4.6609e-01  -5.4976e-01  -4.5039e-01
  -6.4955e-01  -7.6615e-01  -6.2767e-01
   5.6133e-02   6.6209e-02   5.4242e-02
  -3.3403e-01  -3.9399e-01  -3.2278e-01
  -4.9485e-01  -5.8368e-01  -4.7818e-01
   1.5592e+00   1.8391e+00   1.5067e+00
   6.8985e-01   8.1369e-01   6.6662e-01
   1.4421e-01   1.7010e-01   1.3936e-01
   6.7268e-01   7.9343e-01   6.5002e-01
   4.7023e-01   5.5464e-01   4.5439e-01
   1.2317e-02   1.4528e-02   1.1902e-02
   6.2712e-01   7.3969e-01   6.0600e-01
   1.4167e+00   1.6710e+00   1.3690e+00
  -1.2878e-01  -1.5190e-01  -1.2444e-01
   3.6120e-02   4.2604e-02   3.4904e-02
   1.1959e+00   1.4105e+00   1.1556e+00
   1.6779e-01   1.9791e-01   1.6214e-01
   1.1065e+00   1.3052e+00   1.0693e+00
   1.5813e-01   1.8651e-01   1.5280e-01
   1.9853e-01   2.3417e-01   1.9184e-01
   1.1429e-01   1.3481e-01   1.1044e-01
  -1.2822e-01  -1.5124e-01  -1.2390e-01
   5.4080e-02   6.3789e-02   5.2259e-02
   1.0169e+00   1.1994e+00   9.8261e-01
   2.5656e-01   3.0261e-01   2.4792e-01
  -8.2019e-01  -9.6743e-01  -7.9257e-01
   1.9595e+00   2.3113e+00   1.8935e+00
   3.1609e-01   3.7284e-01   3.0545e-01
   1.2436e+00   1.4668e+00   1.2017e+00
   7.8835e-01   9.2987e-01   7.6180e-01
   2.1912e-01   2.5846e-01   2.1174e-01
   8.3554e-01   9.8554e-01   8.0740e-01
   3.2224e-01   3.8008e-01   3.1138e-01
   6.4393e-01   7.5952e-01   6.2224e-01
   6.9619e-01   8.2117e-01   6.7274e-01
   2.4396e-01   2.8776e-01   2.3575e-01
   2.3693e+00   2.7947e+00   2.2895e+00
   1.9234e-01   2.2686e-01   1.8586e-01
   2.4373e-01   2.8748e-01   2.3552e-01
   8.5427e-02   1.0076e-01   8.2550e-02
  -1.1460e-02  -1.3517e-02  -1.1074e-02
   1.0555e+00   1.2450e+00   1.0200e+00
   4.8351e-01   5.7031e-01   4.6723e-01
   9.3625e-01   1.1043e+00   9.0472e-01
  -3.4716e-01  -4.0948e-01  -3.3547e-01
  -3.4205e-01  -4.0345e-01  -3.3053e-01
   1.4822e-01   1.7483e-01   1.4323e-01
   1.5268e+00   1.8009e+00   1.4754e+00
  -6.9315e-02  -8.1758e-02  -6.6981e-02
   3.5546e-01   4.1927e-01   3.4349e-01
  -3.6021e-01  -4.2487e-01  -3.4808e-01
   2.5528e-01   3.0110e-01   2.4668e-01
   7.1230e-01   8.4017e-01   6.8832e-01
   4.3708e-02   5.1554e-02   4.2236e-02
   2.2211e-01   2.6199e-01   2.1464e-01
  -3.1155e-01  -3.6748e-01  -3.0106e-01
   7.0995e-01   8.3740e-01   6.8605e-01
   6.3221e-01   7.4570e-01   6.1092e-01
   5.8796e-01   6.9350e-01   5.6816e-01
   1.1269e+00   1.3292e+00   1.0889e+00
  -3.7420e-01  -4.4137e-01  -3.6160e-01
   3.1352e-02   3.6980e-02   3.0296e-02
   6.7422e-01   7.9526e-01   6.5152e-01
   1.6157e+00   1.9057e+00   1.5613e+00
  -8.4353e-02  -9.9496e-02  -8.1513e-02
   2.2110e+00   2.6079e+00   2.1365e+00
   7.1637e-01   8.4497e-01   6.9224e-01
   2.0484e-02   2.4162e-02   1.9795e-02
   5.5453e-01   6.5407e-01   5.3585e-01
   1.3144e+00   1.5504e+00   1.2701e+00
   4.5073e-01   5.3164e-01   4.3555e-01
   1.0260e+00   1.2102e+00   9.9146e-01
   6.9501e-01   8.1978e-01   6.7161e-01
   5.0009e-01   5.8986e-01   4.8325e-01
   6.4281e-01   7.5821e-01   6.2117e-01
   3.5204e-01   4.1524e-01   3.4019e-01
   1.9000e-02   2.2411e-02   1.8361e-02
   4.1695e-01   4.9180e-01   4.0291e-01
   2.9817e-03   3.5170e-03   2.8813e-03
  -5.7147e-02  -6.7406e-02  -5.5223e-02
   4.2675e-02   5.0336e-02   4.1238e-02
  -5.6409e-03  -6.6535e-03  -5.4509e-03
   5.3452e-01   6.3047e-01   5.1652e-01
   5.9691e-02   7.0407e-02   5.7681e-02
  -1.0631e-01  -1.2540e-01  -1.0273e-01
   2.3278e-01   2.7457e-01   2.2494e-01
   3.5701e-02   4.2110e-02   3.4499e-02
   1.0078e-01   1.1887e-01   9.7385e-02
   4.2054e-01   4.9603e-01   4.0637e-01
  -4.9571e-01  -5.8470e-01  -4.7902e-01
   1.3058e+00   1.5402e+00   1.2618e+00
   5.0407e-02   5.9456e-02   4.8710e-02
  -4.6359e-01  -5.4682e-01  -4.4798e-01
   5.6062e-01   6.6126e-01   5.4174e-01
   2.6434e-01   3.1179e-01   2.5544e-01
   3.5389e-01   4.1742e-01   3.4197e-01
   9.1338e-01   1.0774e+00   8.8262e-01
   7.2747e-01   8.5806e-01   7.0297e-01
   3.0531e-01   3.6012e-01   2.9503e-01
   9.5231e-02   1.1233e-01   9.2024e-02
   8.8128e-01   1.0395e+00   8.5161e-01
   5.2377e-02   6.1779e-02   5.0613e-02
   2.6373e-01   3.1107e-01   2.5485e-01
   9.1168e-02   1.0753e-01   8.8098e-02
   2.2364e-01   2.6378e-01   2.1610e-01
   8.8430e-02   1.0430e-01   8.5452e-02
   6.6308e-02   7.8211e-02   6.4075e-02
   4.0760e-01   4.8077e-01   3.9388e-01
   2.7451e-01   3.2379e-01   2.6526e-01
  -2.9802e-01  -3.5152e-01  -2.8798e-01
   7.3516e-01   8.6714e-01   7.1041e-01
   1.2666e-01   1.4940e-01   1.2240e-01
   4.4832e-01   5.2881e-01   4.3323e-01
  -3.1627e-01  -3.7305e-01  -3.0562e-01
  -5.5512e-01  -6.5477e-01  -5.3642e-01
   6.3469e-01   7.4863e-01   6.1332e-01
   1.6980e-02   2.0028e-02   1.6408e-02
   3.3765e-02   3.9827e-02   3.2628e-02
  -2.0168e-01  -2.3789e-01  -1.9489e-01
   4.8318e-01   5.6992e-01   4.6691e-01
   3.0650e-01   3.6152e-01   2.9618e-01
   1.4659e+00   1.7291e+00   1.4166e+00
   6.5696e-01   7.7489e-01   6.3484e-01
  -6.7452e-02  -7.9561e-02  -6.5181e-02
  -1.9998e-02  -2.3587e-02  -1.9324e-02
  -1.0542e-01  -1.2435e-01  -1.0187e-01
  -8.3126e-03  -9.8049e-03  -8.0327e-03
  -2.4014e-01  -2.8325e-01  -2.3205e-01
   7.0627e-01   8.3306e-01   6.8249e-01
   9.8980e-02   1.1675e-01   9.5647e-02
  -3.5830e-02  -4.2262e-02  -3.4624e-02
  -1.3806e-01  -1.6285e-01  -1.3341e-01
   7.8899e-01   9.3063e-01   7.6242e-01
   6.8802e-01   8.1153e-01   6.6485e-01
   2.6847e-01   3.1666e-01   2.5942e-01
  -3.1414e-01  -3.7054e-01  -3.0356e-01
   1.1910e-02   1.4048e-02   1.1509e-02
   1.0982e-01   1.2954e-01   1.0612e-01
   1.3529e+00   1.5958e+00   1.3073e+00
   2.5418e-01   2.9981e-01   2.4562e-01
   5.8035e-01   6.8453e-01   5.6080e-01
   1.4348e+00   1.6924e+00   1.3865e+00
   1.6295e+00   1.9221e+00   1.5747e+00
   9.1825e-01   1.0831e+00   8.8733e-01
   6.7695e-01   7.9847e-01   6.5415e-01
   1.0224e+00   1.2060e+00   9.8801e-01
  -1.3203e-01  -1.5573e-01  -1.2759e-01
  -7.4611e-01  -8.8005e-01  -7.2098e-01
   3.8486e-01   4.5395e-01   3.7190e-01
   3.6700e-01   4.3288e-01   3.5464e-01
  -2.5354e-01  -2.9905e-01  -2.4500e-01
   1.1777e+00   1.3891e+00   1.1380e+00
   6.2249e-01   7.3423e-01   6.0152e-01
  -1.2233e-01  -1.4429e-01  -1.1821e-01
   6.8916e-01   8.1288e-01   6.6595e-01
   9.1131e-01   1.0749e+00   8.8063e-01
  -3.2130e-01  -3.7898e-01  -3.1048e-01
  -8.3529e-02  -9.8524e-02  -8.0716e-02
   4.8093e-01   5.6726e-01   4.6473e-01
  -1.5940e-01  -1.8801e-01  -1.5403e-01
   2.0086e+00   2.3692e+00   1.9410e+00
   3.4334e-01   4.0497e-01   3.3178e-01
   7.0123e-02   8.2711e-02   6.7761e-02
  -1.9501e-01  -2.3002e-01  -1.8845e-01
   1.1738e-02   1.3845e-02   1.1343e-02
  -8.5387e-02  -1.0072e-01  -8.2512e-02
   4.6056e-01   5.4323e-01   4.4505e-01
   5.9981e-01   7.0749e-01   5.7961e-01
   7.6309e-01   9.0008e-01   7.3740e-01
   5.3343e-01   6.2919e-01   5.1547e-01
   2.4792e+00   2.9243e+00   2.3957e+00
  -1.6010e-01  -1.8884e-01  -1.5471e-01
   3.2534e-01   3.8374e-01   3.1438e-01
   8.7694e-01   1.0344e+00   8.4741e-01
   4.1072e-01   4.8445e-01   3.9689e-01
   1.1403e-02   1.3450e-02   1.1019e-02
  -6.2511e-02  -7.3733e-02  -6.0406e-02
   8.2973e-01   9.7868e-01   8.0179e-01
   8.4788e-01   1.0001e+00   8.1933e-01
  -2.4043e-01  -2.8359e-01  -2.3233e-01
   3.5332e-01   4.1674e-01   3.4142e-01
   4.0143e-01   4.7350e-01   3.8791e-01
   1.6136e-02   1.9033e-02   1.5593e-02
  -1.4514e-01  -1.7119e-01  -1.4025e-01
   3.5903e-01   4.2348e-01   3.4694e-01
   4.6447e-02   5.4785e-02   4.4883e-02
  -6.4683e-01  -7.6294e-01  -6.2505e-01
   3.0638e-01   3.6138e-01   2.9606e-01
   1.0477e-02   1.2358e-02   1.0124e-02
   2.9426e-01   3.4708e-01   2.8435e-01
   2.5272e-01   2.9808e-01   2.4421e-01
   7.3658e-02   8.6881e-02   7.1178e-02
   2.0170e+00   2.3791e+00   1.9491e+00
   1.2725e-02   1.5009e-02   1.2296e-02
   3.9325e-01   4.6385e-01   3.8001e-01
  -9.9498e-01  -1.1736e+00  -9.6147e-01
  -7.4612e-01  -8.8007e-01  -7.2100e-01
   1.7423e-02   2.0550e-02   1.6836e-02
   2.3798e-01   2.8070e-01   2.2996e-01
   1.5802e+00   1.8638e+00   1.5270e+00
   4.6694e-01   5.5076e-01   4.5121e-01
   8.0726e-01   9.5217e-01   7.8007e-01
   1.5354e+00   1.8111e+00   1.4837e+00
   1.9155e-01   2.2593e-01   1.8509e-01
   1.6715e-01   1.9716e-01   1.6152e-01
   1.3099e+00   1.5450e+00   1.2658e+00
   1.3629e-01   1.6076e-01   1.3170e-01
   1.7319e-01   2.0428e-01   1.6736e-01
   9.4851e-01   1.1188e+00   9.1657e-01
   1.3248e+00   1.5626e+00   1.2802e+00
  -4.1536e-01  -4.8993e-01  -4.0138e-01
   1.4588e-01   1.7207e-01   1.4097e-01
  -8.1783e-02  -9.6464e-02  -7.9029e-02
   8.7678e-02   1.0342e-01   8.4725e-02
   4.1613e+00   4.9084e+00   4.0212e+00
   9.0839e-01   1.0715e+00   8.7780e-01
   1.8540e-01   2.1868e-01   1.7915e-01
   2.3572e-01   2.7804e-01   2.2778e-01
   8.5375e-01   1.0070e+00   8.2500e-01
   1.4096e-01   1.6626e-01   1.3621e-01
   4.4332e-01   5.2290e-01   4.2839e-01
   1.1877e+00   1.4010e+00   1.1477e+00
   1.1514e+00   1.3581e+00   1.1126e+00
   1.2603e-02   1.4865e-02   1.2178e-02
   1.2827e+00   1.5129e+00   1.2395e+00
   7.1371e-01   8.4184e-01   6.8968e-01
   3.1336e-01   3.6961e-01   3.0280e-01
   4.0356e-01   4.7601e-01   3.8997e-01
  -1.0286e-01  -1.2133e-01  -9.9400e-02
   1.6707e-02   1.9707e-02   1.6145e-02
   6.2428e-02   7.3635e-02   6.0326e-02
  -2.0386e-01  -2.4046e-01  -1.9700e-01
   8.6838e-01   1.0243e+00   8.3914e-01
  -5.6900e-01  -6.7114e-01  -5.4984e-01
   1.7413e-01   2.0539e-01   1.6827e-01
   3.0667e-01   3.6172e-01   2.9634e-01
   4.0264e-01   4.7492e-01   3.8908e-01
   1.0323e-01   1.2176e-01   9.9754e-02
   5.1035e-01   6.0196e-01   4.9316e-01
   2.2081e-02   2.6045e-02   2.1338e-02
   3.9634e-01   4.6749e-01   3.8300e-01
   4.8681e-01   5.7420e-01   4.7042e-01
   4.2503e-01   5.0133e-01   4.1072e-01
   6.7441e-02   7.9548e-02   6.5170e-02
   1.8587e-01   2.1924e-01   1.7961e-01
   4.0611e-01   4.7901e-01   3.9243e-01
   7.0677e-01   8.3364e-01   6.8297e-01
   2.4905e-02   2.9376e-02   2.4067e-02
  -3.1330e-02  -3.6954e-02  -3.0275e-02
  -3.6956e-01  -4.3590e-01  -3.5712e-01
   6.3226e-01   7.4576e-01   6.1097e-01
   2.9724e-01   3.5060e-01   2.8723e-01
   5.6269e-02   6.6370e-02   5.4374e-02
  -2.0459e-01  -2.4132e-01  -1.9770e-01
  -7.8281e-01  -9.2333e-01  -7.5644e-01
   6.9589e-01   8.2082e-01   6.7246e-01
   1.9857e-01   2.3422e-01   1.9188e-01
   1.7836e-02   2.1038e-02   1.7236e-02
   2.0423e+00   2.4090e+00   1.9736e+00
   2.4165e-02   2.8503e-02   2.3351e-02
   1.1013e+00   1.2990e+00   1.0642e+00
   2.4418e-01   2.8801e-01   2.3595e-01
   1.3155e-02   1.5517e-02   1.2712e-02
   5.1252e-01   6.0452e-01   4.9526e-01
  -3.6755e-01  -4.3354e-01  -3.5518e-01
   5.8881e-03   6.9451e-03   5.6898e-03
   1.8760e-02   2.2128e-02   1.8129e-02
  -8.6776e-02  -1.0235e-01  -8.3854e-02
  -7.7113e-01  -9.0957e-01  -7.4517e-01
   5.2916e-01   6.2416e-01   5.1134e-01
   7.9467e-01   9.3733e-01   7.6791e-01
   4.7195e-01   5.5667e-01   4.5606e-01
   6.3626e-01   7.5048e-01   6.1483e-01
   2.6301e-02   3.1023e-02   2.5415e-02
  -3.1364e-02  -3.6994e-02  -3.0308e-02
   6.2923e-02   7.4219e-02   6.0804e-02
   4.6440e-02   5.4777e-02   4.4876e-02
   5.9971e-01   7.0737e-01   5.7951e-01
   2.1051e+00   2.4831e+00   2.0343e+00
   2.7309e-01   3.2212e-01   2.6390e-01
   1.1284e+00   1.3310e+00   1.0904e+00
   2.2774e-01   2.6863e-01   2.2007e-01
   7.5568e-02   8.9134e-02   7.3023e-02
   3.9615e-02   4.6726e-02   3.8281e-02
   1.6940e-01   1.9981e-01   1.6369e-01
   4.8269e-01   5.6934e-01   4.6644e-01
   2.5132e-02   2.9643e-02   2.4286e-02
   9.1297e-01   1.0769e+00   8.8222e-01
   2.1133e+00   2.4926e+00   2.0421e+00
   1.6199e+00   1.9107e+00   1.5654e+00
   1.6948e+00   1.9991e+00   1.6378e+00
  -9.7208e-02  -1.1466e-01  -9.3934e-02
   3.5613e+00   4.2007e+00   3.4414e+00
   3.8983e-01   4.5981e-01   3.7670e-01
   2.8554e-01   3.3680e-01   2.7592e-01
  -2.3694e-01  -2.7947e-01  -2.2896e-01
   1.3478e+00   1.5897e+00   1.3024e+00
   1.1227e+00   1.3242e+00   1.0849e+00
   2.5904e-02   3.0554e-02   2.5032e-02
  -1.8725e-01  -2.2086e-01  -1.8094e-01
  -4.4985e-02  -5.3060e-02  -4.3470e-02
   2.7263e-01   3.2157e-01   2.6345e-01
   2.1006e-02   2.4777e-02   2.0299e-02
   1.4729e-01   1.7373e-01   1.4233e-01
   2.8282e-01   3.3359e-01   2.7329e-01
   6.1259e-01   7.2256e-01   5.9196e-01
   4.0532e-01   4.7809e-01   3.9167e-01
   8.2694e-03   9.7539e-03   7.9909e-03
   1.3187e+00   1.5554e+00   1.2743e+00
   5.3473e-01   6.3072e-01   5.1672e-01
   2.9000e-01   3.4206e-01   2.8024e-01
  -8.8784e-02  -1.0472e-01  -8.5794e-02
   1.0353e+00   1.2212e+00   1.0005e+00
   7.1161e-02   8.3936e-02   6.8765e-02
   1.2819e+00   1.5121e+00   1.2388e+00
   2.1731e-01   2.5632e-01   2.0999e-01
   7.4223e-01   8.7548e-01   7.1724e-01
   9.5451e-01   1.1259e+00   9.2237e-01
   1.7581e-01   2.0737e-01   1.6989e-01
  -2.6859e-01  -3.1681e-01  -2.5954e-01
   2.6184e+00   3.0885e+00   2.5302e+00
  -9.5601e-02  -1.1276e-01  -9.2381e-02
  -3.8366e-01  -4.5253e-01  -3.7074e-01
   5.3527e-01   6.3136e-01   5.1725e-01
   8.8572e-01   1.0447e+00   8.5589e-01
   1.9226e-02   2.2677e-02   1.8578e-02
   1.8736e+00   2.2099e+00   1.8105e+00
  -1.0377e-02  -1.2240e-02  -1.0028e-02
  -5.1571e-01  -6.0829e-01  -4.9834e-01
   1.3089e+00   1.5439e+00   1.2648e+00
   3.5651e-04   4.2051e-04   3.4450e-04
   5.1849e-03   6.1157e-03   5.0103e-03
  -1.2495e+00  -1.4738e+00  -1.2074e+00
   1.4439e+00   1.7031e+00   1.3953e+00
   3.7089e-01   4.3747e-01   3.5840e-01
   9.1083e-01   1.0743e+00   8.8015e-01
   3.5338e-01   4.1682e-01   3.4148e-01
   2.0603e-01   2.4301e-01   1.9909e-01
   9.5917e-05   1.1314e-04   9.2687e-05
  -1.0180e-01  -1.2008e-01  -9.8372e-02
   1.2027e+00   1.4186e+00   1.1622e+00
   4.2207e-01   4.9784e-01   4.0786e-01
   5.8061e-01   6.8484e-01   5.6106e-01
   1.7109e-01   2.0180e-01   1.6533e-01
  -4.4881e-02  -5.2937e-02  -4.3369e-02
   3.2481e-02   3.8312e-02   3.1387e-02
   1.5649e-01   1.8458e-01   1.5122e-01
   1.5609e+00   1.8411e+00   1.5083e+00
   3.3105e-01   3.9048e-01   3.1990e-01
  -1.4387e-03  -1.6970e-03  -1.3903e-03
  -1.3517e-01  -1.5943e-01  -1.3062e-01
  -5.2084e-01  -6.1434e-01  -5.0330e-01
   1.9321e-02   2.2790e-02   1.8671e-02
  -1.8523e-01  -2.1848e-01  -1.7899e-01
   1.1327e+00   1.3361e+00   1.0946e+00
   8.7483e-02   1.0319e-01   8.4537e-02
   7.1206e-01   8.3989e-01   6.8808e-01
  -4.1982e-02  -4.9518e-02  -4.0568e-02
   8.5863e-01   1.0128e+00   8.2971e-01
   1.2747e-02   1.5036e-02   1.2318e-02
   1.9533e-01   2.3040e-01   1.8875e-01
   1.2744e-01   1.5031e-01   1.2315e-01
   5.1489e-01   6.0732e-01   4.9755e-01
   7.8022e-01   9.2028e-01   7.5394e-01
   3.0162e-02   3.5577e-02   2.9146e-02
   9.0931e-04   1.0725e-03   8.7869e-04
   3.4392e-01   4.0566e-01   3.3234e-01
  -1.8880e-01  -2.2270e-01  -1.8244e-01
   2.6728e+00   3.1526e+00   2.5828e+00
   1.9015e+00   2.2428e+00   1.8375e+00
   1.0712e+00   1.2635e+00   1.0351e+00
   1.7742e-01   2.0927e-01   1.7145e-01
  -4.9459e-01  -5.8338e-01  -4.7794e-01
   2.2451e-01   2.6481e-01   2.1695e-01
  -1.9968e-01  -2.3553e-01  -1.9296e-01
   3.6033e-01   4.2502e-01   3.4820e-01
   1.5196e-01   1.7924e-01   1.4684e-01
  -7.4339e-02  -8.7684e-02  -7.1836e-02
   1.6910e-02   1.9945e-02   1.6340e-02
   1.9529e-01   2.3035e-01   1.8872e-01
   1.7990e-02   2.1220e-02   1.7384e-02
   7.6414e-02   9.0132e-02   7.3841e-02
   9.9835e-01   1.1776e+00   9.6473e-01
   3.9834e-01   4.6984e-01   3.8492e-01
   3.0846e-01   3.6383e-01   2.9807e-01
   1.0116e+00   1.1932e+00   9.7753e-01
  -2.7286e-02  -3.2185e-02  -2.6367e-02
   1.4840e-01   1.7504e-01   1.4340e-01
   4.4297e-01   5.2249e-01   4.2805e-01
   1.1359e+00   1.3398e+00   1.0977e+00
  -6.4881e-02  -7.6528e-02  -6.2696e-02
   3.5341e-02   4.1685e-02   3.4151e-02
   5.3494e-02   6.3097e-02   5.1693e-02
   2.5170e-01   2.9688e-01   2.4322e-01
  -1.4985e-01  -1.7676e-01  -1.4481e-01
  -6.1722e-03  -7.2802e-03  -5.9644e-03
  -2.1836e-01  -2.5755e-01  -2.1100e-01
  -1.2372e-01  -1.4593e-01  -1.1955e-01
   1.4388e-02   1.6971e-02   1.3904e-02
   3.3288e-01   3.9264e-01   3.2167e-01
  -3.2365e-01  -3.8175e-01  -3.1275e-01
   1.5705e+00   1.8524e+00   1.5176e+00
   6.4786e-01   7.6416e-01   6.2604e-01
   2.7036e-02   3.1889e-02   2.6125e-02
   6.6864e-01   7.8867e-01   6.4612e-01
   1.6854e+00   1.9879e+00   1.6286e+00
   2.4107e-01   2.8435e-01   2.3295e-01
   1.3203e+00   1.5573e+00   1.2758e+00
   2.5074e-01   2.9575e-01   2.4230e-01
   1.3512e+00   1.5937e+00   1.3057e+00
   4.9599e-01   5.8502e-01   4.7928e-01
   7.6063e-02   8.9718e-02   7.3502e-02
  -6.8912e-01  -8.1283e-01  -6.6592e-01
   4.3889e-01   5.1768e-01   4.2411e-01
   6.0295e-01   7.1119e-01   5.8265e-01
   1.9703e+00   2.3240e+00   1.9040e+00
  -2.8656e-01  -3.3800e-01  -2.7691e-01
  -4.4016e-01  -5.1917e-01  -4.2533e-01
   1.0023e+00   1.1822e+00   9.6850e-01
   6.0343e-01   7.1176e-01   5.8311e-01
   8.8680e-01   1.0460e+00   8.5693e-01
  -5.0934e-02  -6.0077e-02  -4.9219e-02
   4.2263e-01   4.9849e-01   4.0839e-01
   2.8969e+00   3.4169e+00   2.7993e+00
  -5.4472e-01  -6.4251e-01  -5.2638e-01
   1.3179e-02   1.5545e-02   1.2736e-02
  -1.0384e-01  -1.2248e-01  -1.0034e-01
   4.0107e-01   4.7307e-01   3.8756e-01
   7.0217e-01   8.2822e-01   6.7852e-01
   4.6797e-02   5.5198e-02   4.5221e-02
  -1.8044e-03  -2.1283e-03  -1.7436e-03
   4.2536e-01   5.0171e-01   4.1103e-01
   4.2236e-02   4.9818e-02   4.0814e-02
   6.7157e-01   7.9213e-01   6.4895e-01
   1.8749e-02   2.2115e-02   1.8118e-02
   2.4298e-01   2.8659e-01   2.3479e-01
   6.4950e-01   7.6609e-01   6.2762e-01
   9.8632e-02   1.1634e-01   9.5311e-02
   6.8601e-01   8.0916e-01   6.6290e-01
  -6.7829e-01  -8.0005e-01  -6.5545e-01
   2.3806e-01   2.8080e-01   2.3004e-01
  -6.1395e-03  -7.2416e-03  -5.9327e-03
  -3.1653e-02  -3.7335e-02  -3.0587e-02
   4.6145e-01   5.4429e-01   4.4591e-01
  -2.0011e-02  -2.3604e-02  -1.9337e-02
   4.2576e-01   5.0219e-01   4.1142e-01
   6.0622e-01   7.1505e-01   5.8580e-01
   1.3545e-01   1.5976e-01   1.3089e-01
  -5.5305e-02  -6.5233e-02  -5.3443e-02
   2.9320e-01   3.4583e-01   2.8333e-01
   4.4101e-02   5.2018e-02   4.2616e-02
   7.7579e-01   9.1505e-01   7.4966e-01
  -1.4735e-01  -1.7381e-01  -1.4239e-01
   5.6702e-01   6.6881e-01   5.4792e-01
   1.7675e+00   2.0848e+00   1.7079e+00
  -1.5668e-01  -1.8481e-01  -1.5140e-01
  -2.4675e-03  -2.9104e-03  -2.3844e-03
   1.8185e-01   2.1450e-01   1.7573e-01
   7.1051e-01   8.3806e-01   6.8658e-01
   7.7216e-01   9.1078e-01   7.4616e-01
   9.9994e-01   1.1794e+00   9.6626e-01
   5.5780e-01   6.5793e-01   5.3901e-01
   9.4015e-02   1.1089e-01   9.0849e-02
  -4.1115e-03  -4.8496e-03  -3.9731e-03
   6.2946e-01   7.4246e-01   6.0826e-01
  -3.2266e-02  -3.8058e-02  -3.1179e-02
   3.0903e-01   3.6451e-01   2.9863e-01
   9.8300e-01   1.1595e+00   9.4990e-01
   1.4349e+00   1.6925e+00   1.3866e+00
   8.1532e-01   9.6169e-01   7.8787e-01
  -1.4462e-02  -1.7058e-02  -1.3975e-02
   1.2004e+00   1.4159e+00   1.1600e+00
  -9.2670e-03  -1.0931e-02  -8.9550e-03
   3.0043e-01   3.5436e-01   2.9031e-01
   3.4739e-02   4.0975e-02   3.3569e-02
   3.4613e-01   4.0827e-01   3.3448e-01
   4.4187e-03   5.2119e-03   4.2699e-03
  -5.4381e-01  -6.4143e-01  -5.2549e-01
   7.4182e-01   8.7499e-01   7.1684e-01
   2.7037e-01   3.1890e-01   2.6126e-01
  -2.8785e-02  -3.3952e-02  -2.7816e-02
  -3.6738e-01  -4.3333e-01  -3.5501e-01
   3.4793e-03   4.1039e-03   3.3621e-03
   4.0491e-01   4.7760e-01   3.9127e-01
   1.1805e+00   1.3924e+00   1.1408e+00
   3.4257e-01   4.0406e-01   3.3103e-01
  -1.8364e-01  -2.1661e-01  -1.7746e-01
   5.3043e-01   6.2565e-01   5.1257e-01
   2.0555e+00   2.4244e+00   1.9862e+00
   1.4822e-01   1.7482e-01   1.4323e-01
   1.5945e-01   1.8808e-01   1.5408e-01
  -8.1182e-01  -9.5756e-01  -7.8448e-01
   3.6792e-01   4.3397e-01   3.5553e-01
  -1.4668e-02  -1.7301e-02  -1.4174e-02
  -5.4273e-01  -6.4016e-01  -5.2445e-01
   7.5448e-02   8.8992e-02   7.2908e-02
  -1.3939e-01  -1.6442e-01  -1.3470e-01
  -8.1865e-02  -9.6562e-02  -7.9109e-02
  -1.6464e-02  -1.9419e-02  -1.5909e-02
  -8.4862e-02  -1.0010e-01  -8.2004e-02
   8.6749e-01   1.0232e+00   8.3828e-01
  -5.5335e-01  -6.5269e-01  -5.3472e-01
  -2.7887e-01  -3.2893e-01  -2.6948e-01
   1.4535e-02   1.7145e-02   1.4046e-02
  -1.3016e+00  -1.5352e+00  -1.2577e+00
   6.8177e-02   8.0416e-02   6.5881e-02
  -3.4525e-02  -4.0723e-02  -3.3363e-02
   1.5132e-01   1.7849e-01   1.4623e-01
  -1.7811e-01  -2.1008e-01  -1.7211e-01
  -2.5228e-01  -2.9756e-01  -2.4378e-01
   2.7540e-01   3.2484e-01   2.6612e-01
   3.1587e-01   3.7257e-01   3.0523e-01
   7.2144e-01   8.5095e-01   6.9715e-01
   7.4313e-01   8.7653e-01   7.1810e-01
   3.9649e-01   4.6766e-01   3.8313e-01
   7.0211e-02   8.2815e-02   6.7846e-02
   5.6736e-01   6.6921e-01   5.4826e-01
   1.9139e-01   2.2575e-01   1.8494e-01
   5.8865e-02   6.9432e-02   5.6883e-02
   2.9009e-02   3.4216e-02   2.8032e-02
   7.6133e-02   8.9801e-02   7.3570e-02
  -2.6492e-01  -3.1248e-01  -2.5600e-01
   1.2453e-01   1.4689e-01   1.2034e-01
   1.1154e+00   1.3156e+00   1.0778e+00
   9.3228e-01   1.0996e+00   9.0088e-01
   3.7821e-01   4.4610e-01   3.6547e-01
   2.3120e+00   2.7270e+00   2.2341e+00
  -1.9825e-02  -2.3384e-02  -1.9157e-02
   4.4290e-01   5.2241e-01   4.2798e-01
  -4.7334e-01  -5.5831e-01  -4.5740e-01
   1.5979e+00   1.8848e+00   1.5441e+00
   2.2625e-01   2.6686e-01   2.1863e-01
   2.9238e-02   3.4487e-02   2.8253e-02
  -2.1342e-01  -2.5174e-01  -2.0624e-01
   1.3346e+00   1.5742e+00   1.2897e+00
   1.0944e-02   1.2908e-02   1.0575e-02
  -8.9719e-03  -1.0583e-02  -8.6698e-03
   5.6916e-01   6.7134e-01   5.5000e-01
   8.2317e-02   9.7094e-02   7.9545e-02
   1.6006e-01   1.8879e-01   1.5467e-01
   3.3218e-01   3.9181e-01   3.2099e-01
   4.8834e-01   5.7601e-01   4.7190e-01
   5.2641e-01   6.2091e-01   5.0868e-01
  -4.2662e-01  -5.0320e-01  -4.1225e-01
   3.8035e-01   4.4863e-01   3.6754e-01
  -1.3147e+00  -1.5507e+00  -1.2704e+00
   1.7027e+00   2.0084e+00   1.6454e+00
   2.0233e-01   2.3865e-01   1.9551e-01
   2.1907e+00   2.5840e+00   2.1169e+00
   1.6678e+00   1.9672e+00   1.6116e+00
   1.2376e+00   1.4598e+00   1.1959e+00
   1.5430e+00   1.8200e+00   1.4910e+00
   8.7177e-02   1.0283e-01   8.4241e-02
   2.4105e+00   2.8432e+00   2.3293e+00
   2.0310e-02   2.3956e-02   1.9626e-02
  -5.9757e-01  -7.0485e-01  -5.7745e-01
   1.4718e-01   1.7361e-01   1.4223e-01
   3.9575e-01   4.6680e-01   3.8243e-01
   3.1989e+00   3.7731e+00   3.0912e+00
   4.8187e-01   5.6837e-01   4.6564e-01
   6.6587e-01   7.8541e-01   6.4345e-01
  -1.2738e-01  -1.5024e-01  -1.2309e-01
   9.8376e-01   1.1604e+00   9.5064e-01
   3.7333e+00   4.4034e+00   3.6075e+00
   1.9516e-02   2.3019e-02   1.8859e-02
   1.8537e+00   2.1864e+00   1.7912e+00
   1.2725e-01   1.5009e-01   1.2296e-01
   4.5360e-01   5.3503e-01   4.3832e-01
   3.2737e-02   3.8614e-02   3.1635e-02
  -1.9030e-02  -2.2446e-02  -1.8389e-02
   4.1294e-01   4.8707e-01   3.9904e-01
   1.5371e+00   1.8130e+00   1.4853e+00
  -1.7449e-01  -2.0581e-01  -1.6861e-01
   2.4691e-02   2.9124e-02   2.3860e-02
   4.2045e-03   4.9592e-03   4.0629e-03
   1.3235e-01   1.5611e-01   1.2790e-01
   6.0958e-01   7.1901e-01   5.8905e-01
  -1.0687e-01  -1.2605e-01  -1.0327e-01
  -1.6986e-01  -2.0035e-01  -1.6414e-01
   1.0333e+00   1.2188e+00   9.9848e-01
   4.2889e-03   5.0589e-03   4.1445e-03
   5.8734e-02   6.9278e-02   5.6756e-02
   2.6521e-01   3.1281e-01   2.5627e-01
   4.0274e-01   4.7504e-01   3.8918e-01
   3.2267e-01   3.8059e-01   3.1180e-01
  -5.5466e-01  -6.5423e-01  -5.3598e-01
  -1.3056e-01  -1.5399e-01  -1.2616e-01
   2.9826e-01   3.5181e-01   2.8822e-01
   5.3056e-01   6.2581e-01   5.1270e-01
   2.2931e-01   2.7047e-01   2.2159e-01
   3.7083e-01   4.3740e-01   3.5834e-01
   2.2374e+00   2.6390e+00   2.1620e+00
   6.4916e-01   7.6569e-01   6.2730e-01
  -2.8021e-01  -3.3051e-01  -2.7077e-01
  -9.8671e-02  -1.1638e-01  -9.5348e-02
   2.9597e-01   3.4910e-01   2.8600e-01
  -1.2814e-01  -1.5115e-01  -1.2383e-01
   1.7305e+00   2.0412e+00   1.6722e+00
   7.0598e-01   8.3271e-01   6.8220e-01
   1.5228e-01   1.7962e-01   1.4715e-01
   8.9654e-01   1.0575e+00   8.6635e-01
   2.5815e-02   3.0449e-02   2.4946e-02
   3.3736e-01   3.9792e-01   3.2600e-01
   6.2155e-01   7.3313e-01   6.0062e-01
   1.1229e-01   1.3245e-01   1.0851e-01
   1.8185e-02   2.1450e-02   1.7573e-02
  -5.8743e-03  -6.9288e-03  -5.6765e-03
   2.7264e-01   3.2158e-01   2.6345e-01
  -2.0010e-01  -2.3602e-01  -1.9336e-01
  -1.1544e-01  -1.3617e-01  -1.1156e-01
  -2.5532e-01  -3.0115e-01  -2.4672e-01
   7.8674e-01   9.2798e-01   7.6025e-01
   9.3482e-02   1.1026e-01   9.0334e-02
   1.1157e+00   1.3159e+00   1.0781e+00
   6.8919e-01   8.1291e-01   6.6598e-01
   2.9846e+00   3.5204e+00   2.8841e+00
   2.4555e+00   2.8963e+00   2.3728e+00
  -2.6580e-02  -3.1351e-02  -2.5685e-02
  -1.9399e-02  -2.2882e-02  -1.8746e-02
   1.3179e+00   1.5545e+00   1.2735e+00
   1.0185e+00   1.2014e+00   9.8422e-01
  -1.5990e-02  -1.8860e-02  -1.5452e-02
   4.2038e-01   4.9584e-01   4.0622e-01
   3.0267e-01   3.5701e-01   2.9248e-01
  -5.7923e-01  -6.8321e-01  -5.5973e-01
   7.6514e-02   9.0250e-02   7.3938e-02
  -6.6813e-02  -7.8807e-02  -6.4563e-02
   1.0007e-01   1.1803e-01   9.6700e-02
   2.8144e-01   3.3196e-01   2.7196e-01
   1.7329e-02   2.0440e-02   1.6745e-02
   3.7014e-02   4.3658e-02   3.5767e-02
   1.1299e-01   1.3327e-01   1.0918e-01
   3.7370e-02   4.4078e-02   3.6111e-02
   6.8569e-01   8.0879e-01   6.6260e-01
   9.8049e-02   1.1565e-01   9.4747e-02
   1.9050e-02   2.2470e-02   1.8409e-02
   4.0761e-01   4.8078e-01   3.9388e-01
   2.1335e-02   2.5165e-02   2.0616e-02
  -9.5098e-02  -1.1217e-01  -9.1896e-02
   2.1904e-01   2.5836e-01   2.1166e-01
   2.4812e-02   2.9266e-02   2.3976e-02
  -1.3759e+00  -1.6229e+00  -1.3296e+00
   1.6825e-02   1.9845e-02   1.6258e-02
  -1.4133e-01  -1.6670e-01  -1.3657e-01
   1.2952e+00   1.5277e+00   1.2515e+00
   5.8348e-02   6.8822e-02   5.6383e-02
   7.6969e-01   9.0787e-01   7.4377e-01
   3.4722e-01   4.0955e-01   3.3553e-01
   1.1532e+00   1.3603e+00   1.1144e+00
   5.9685e-01   7.0400e-01   5.7676e-01
   1.2025e-01   1.4184e-01   1.1620e-01
  -3.4348e-02  -4.0514e-02  -3.3192e-02
   2.2118e-02   2.6089e-02   2.1373e-02
   5.1914e-01   6.1234e-01   5.0166e-01
  -1.4082e-01  -1.6610e-01  -1.3608e-01
   1.9652e-02   2.3180e-02   1.8990e-02
   1.1017e+00   1.2995e+00   1.0646e+00
   2.3456e-01   2.7667e-01   2.2666e-01
   1.3267e+00   1.5649e+00   1.2820e+00
   1.2521e+00   1.4769e+00   1.2100e+00
   5.1288e-01   6.0495e-01   4.9561e-01
   8.2206e-01   9.6963e-01   7.9438e-01
   2.6282e-01   3.1000e-01   2.5397e-01
   1.4244e+00   1.6801e+00   1.3764e+00
   6.9428e-02   8.1891e-02   6.7090e-02
  -4.7753e-02  -5.6326e-02  -4.6145e-02
  -5.5492e-02  -6.5454e-02  -5.3623e-02
   7.7765e-01   9.1725e-01   7.5146e-01
   5.2207e-01   6.1579e-01   5.0449e-01
   1.3116e+00   1.5471e+00   1.2674e+00
   7.9740e-03   9.4054e-03   7.7054e-03
   3.8066e-01   4.4899e-01   3.6784e-01
  -4.5701e-01  -5.3905e-01  -4.4162e-01
   2.1117e-01   2.4908e-01   2.0406e-01
   1.4425e-02   1.7015e-02   1.3939e-02
   5.2656e-01   6.2109e-01   5.0883e-01
   6.3531e-01   7.4936e-01   6.1392e-01
  -2.7398e-01  -3.2316e-01  -2.6475e-01
  -3.1029e-01  -3.6599e-01  -2.9984e-01
   6.1890e-02   7.3000e-02   5.9806e-02
   3.9933e-02   4.7101e-02   3.8588e-02
   5.9946e-01   7.0707e-01   5.7927e-01
  -1.2457e-01  -1.4693e-01  -1.2037e-01
  -9.3087e-02  -1.0980e-01  -8.9953e-02
   3.1963e-01   3.7701e-01   3.0887e-01
   3.8065e-03   4.4899e-03   3.6784e-03
   1.1721e-01   1.3825e-01   1.1326e-01
   4.0367e-01   4.7613e-01   3.9007e-01
   6.7660e-01   7.9806e-01   6.5382e-01
  -6.3046e-02  -7.4364e-02  -6.0923e-02
   7.9480e-01   9.3748e-01   7.6803e-01
  -3.7210e-01  -4.3890e-01  -3.5957e-01
  -9.2963e-02  -1.0965e-01  -8.9832e-02
   2.1338e-02   2.5168e-02   2.0619e-02
   1.4930e-01   1.7610e-01   1.4427e-01
  -2.5961e-01  -3.0621e-01  -2.5087e-01
  -9.5491e-02  -1.1263e-01  -9.2275e-02
   5.5798e-03   6.5815e-03   5.3919e-03
  -1.2019e-01  -1.4177e-01  -1.1614e-01
   1.0876e+00   1.2828e+00   1.0510e+00
   3.5240e-02   4.1566e-02   3.4053e-02
   6.0592e-01   7.1469e-01   5.8551e-01
   1.3034e-02   1.5373e-02   1.2595e-02
   1.1311e+00   1.3342e+00   1.0930e+00
   7.0084e-02   8.2666e-02   6.7724e-02
   2.0940e-02   2.4699e-02   2.0234e-02
   4.0868e-01   4.8205e-01   3.9492e-01
  -4.6183e-03  -5.4474e-03  -4.4628e-03
  -1.9066e-01  -2.2488e-01  -1.8424e-01
   1.6529e-01   1.9496e-01   1.5972e-01
   9.0789e-01   1.0709e+00   8.7731e-01
   4.8905e-01   5.7685e-01   4.7258e-01
   8.3049e-01   9.7957e-01   8.0252e-01
   2.5827e-01   3.0464e-01   2.4957e-01
  -5.3904e-01  -6.3581e-01  -5.2089e-01
   6.0731e-01   7.1634e-01   5.8686e-01
  -5.5167e-01  -6.5071e-01  -5.3309e-01
  -2.2696e-01  -2.6770e-01  -2.1932e-01
   1.2662e+00   1.4935e+00   1.2235e+00
  -4.8142e-02  -5.6785e-02  -4.6521e-02
   8.6774e-02   1.0235e-01   8.3852e-02
   4.6355e-01   5.4677e-01   4.4794e-01
   8.5981e-01   1.0142e+00   8.3086e-01
   1.4369e-01   1.6949e-01   1.3885e-01
   1.0776e-01   1.2710e-01   1.0413e-01
   5.5241e-01   6.5158e-01   5.3381e-01
  -3.3651e-01  -3.9692e-01  -3.2518e-01
   3.3445e-01   3.9449e-01   3.2319e-01
  -3.9753e-01  -4.6889e-01  -3.8414e-01
   5.3335e-01   6.2910e-01   5.1539e-01
   8.7192e-01   1.0284e+00   8.4256e-01
   1.1754e-03   1.3864e-03   1.1358e-03
   2.3544e-01   2.7770e-01   2.2751e-01
   2.9465e-01   3.4754e-01   2.8472e-01
   1.4026e-01   1.6544e-01   1.3554e-01
   3.5652e-02   4.2052e-02   3.4452e-02
   6.0175e-01   7.0977e-01   5.8149e-01
   5.5599e-01   6.5580e-01   5.3727e-01
   4.0043e-01   4.7231e-01   3.8694e-01
   1.5091e-01   1.7800e-01   1.4583e-01
   1.3680e-01   1.6136e-01   1.3219e-01
   5.3354e-01   6.2932e-01   5.1558e-01
   1.4212e+00   1.6763e+00   1.3733e+00
  -3.8908e-02  -4.5893e-02  -3.7598e-02
  -6.8461e-01  -8.0751e-01  -6.6156e-01
   5.5787e-02   6.5802e-02   5.3909e-02
   1.6627e+00   1.9611e+00   1.6067e+00
   4.0689e-01   4.7993e-01   3.9318e-01
   9.8442e-02   1.1611e-01   9.5127e-02
   5.7767e-01   6.8137e-01   5.5822e-01
   9.0198e-02   1.0639e-01   8.7160e-02
   4.9941e-01   5.8907e-01   4.8260e-01
   1.0088e+00   1.1899e+00   9.7479e-01
  -2.5685e-03  -3.0296e-03  -2.4820e-03
   4.6367e-01   5.4691e-01   4.4806e-01
   4.8928e-02   5.7712e-02   4.7280e-02
   3.0221e-01   3.5646e-01   2.9204e-01
  -6.1325e-01  -7.2334e-01  -5.9260e-01
   4.2601e-02   5.0249e-02   4.1166e-02
   2.2985e-01   2.7111e-01   2.2211e-01
   1.4769e+00   1.7421e+00   1.4272e+00
   1.7705e-01   2.0883e-01   1.7109e-01
  -2.1281e-01  -2.5101e-01  -2.0564e-01
   2.1381e-01   2.5220e-01   2.0661e-01
   6.0033e-01   7.0809e-01   5.8011e-01
  -1.5645e-01  -1.8453e-01  -1.5118e-01
   2.1375e+00   2.5213e+00   2.0656e+00
  -9.3203e-01  -1.0993e+00  -9.0064e-01
  -5.3849e-01  -6.3515e-01  -5.2035e-01
   6.9194e-01   8.1616e-01   6.6864e-01
  -7.5355e-02  -8.8882e-02  -7.2817e-02
   8.6418e-01   1.0193e+00   8.3508e-01
  -1.1077e-01  -1.3065e-01  -1.0704e-01
   2.9362e+00   3.4633e+00   2.8373e+00
  -5.5432e-02  -6.5383e-02  -5.3565e-02
  -7.2386e-01  -8.5381e-01  -6.9948e-01
   4.8387e-01   5.7073e-01   4.6757e-01
   2.2447e+00   2.6477e+00   2.1691e+00
   1.0975e+00   1.2945e+00   1.0605e+00
  -3.9222e-02  -4.6263e-02  -3.7901e-02
   1.7818e+00   2.1017e+00   1.7218e+00
  -2.8890e-01  -3.4076e-01  -2.7917e-01
  -2.1993e-02  -2.5941e-02  -2.1252e-02
   4.1928e-01   4.9455e-01   4.0516e-01
   5.9387e-01   7.0049e-01   5.7388e-01
  -8.3121e-01  -9.8043e-01  -8.0322e-01
   1.8726e-01   2.2088e-01   1.8096e-01
   8.7200e-01   1.0285e+00   8.4264e-01
   6.4597e-01   7.6193e-01   6.2421e-01
   3.9271e-02   4.6320e-02   3.7948e-02
   4.2604e-02   5.0252e-02   4.1170e-02
   1.6383e-03   1.9324e-03   1.5831e-03
  -2.1071e-01  -2.4854e-01  -2.0362e-01
  -1.3125e+00  -1.5481e+00  -1.2683e+00
  -1.3817e-01  -1.6297e-01  -1.3352e-01
   4.6788e-02   5.5187e-02   4.5212e-02
  -3.5771e-03  -4.2193e-03  -3.4567e-03
   8.8221e-02   1.0406e-01   8.5250e-02
  -2.2215e-01  -2.6203e-01  -2.1467e-01
   3.5268e-01   4.1599e-01   3.4080e-01
  -1.1236e-01  -1.3253e-01  -1.0857e-01
   1.5438e-01   1.8209e-01   1.4918e-01
   8.0571e-02   9.5035e-02   7.7858e-02
   7.1438e-01   8.4263e-01   6.9032e-01
   5.3600e-01   6.3222e-01   5.1795e-01
   8.2754e-02   9.7610e-02   7.9967e-02
   9.5822e-01   1.1302e+00   9.2595e-01
   1.7899e-01   2.1113e-01   1.7297e-01
   1.9949e-02   2.3530e-02   1.9277e-02
   1.1662e-01   1.3755e-01   1.1269e-01
   8.0053e-02   9.4424e-02   7.7357e-02
   1.0389e+00   1.2254e+00   1.0039e+00
   6.5708e-01   7.7504e-01   6.3495e-01
   3.4189e-01   4.0326e-01   3.3037e-01
   1.2741e-01   1.5029e-01   1.2312e-01
  -6.1000e-02  -7.1951e-02  -5.8946e-02
   5.2523e-01   6.1952e-01   5.0754e-01
  -5.0248e-01  -5.9268e-01  -4.8556e-01
  -2.7658e-01  -3.2623e-01  -2.6727e-01
   1.9776e-01   2.3327e-01   1.9110e-01
   3.8214e-01   4.5075e-01   3.6928e-01
   1.5276e+00   1.8018e+00   1.4761e+00
   4.6812e-01   5.5215e-01   4.5235e-01
   1.9859e+00   2.3424e+00   1.9190e+00
  -8.8178e-01  -1.0401e+00  -8.5209e-01
   7.7047e-01   9.0879e-01   7.4453e-01
   1.0127e+00   1.1945e+00   9.7863e-01
   6.1283e-01   7.2284e-01   5.9219e-01
   7.1834e-01   8.4729e-01   6.9415e-01
   1.2864e-01   1.5173e-01   1.2431e-01
   1.8035e+00   2.1272e+00   1.7427e+00
  -8.0092e-01  -9.4469e-01  -7.7394e-01
   8.4713e-01   9.9920e-01   8.1860e-01
   9.5830e-01   1.1303e+00   9.2603e-01
   3.1139e-01   3.6729e-01   3.0090e-01
  -5.9188e-03  -6.9813e-03  -5.7194e-03
   8.7636e-01   1.0337e+00   8.4685e-01
  -1.0984e-01  -1.2956e-01  -1.0614e-01
  -1.9885e-02  -2.3455e-02  -1.9216e-02
   3.0746e+00   3.6265e+00   2.9710e+00
   1.0328e-01   1.2182e-01   9.9798e-02
   1.5625e-01   1.8430e-01   1.5099e-01
   9.9586e-01   1.1746e+00   9.6233e-01
   6.4983e-01   7.6649e-01   6.2795e-01
  -4.7065e-02  -5.5514e-02  -4.5480e-02
  -1.0867e-01  -1.2817e-01  -1.0501e-01
   2.3088e+00   2.7233e+00   2.2311e+00
   4.2690e-01   5.0353e-01   4.1252e-01
   1.2256e-02   1.4456e-02   1.1843e-02
   8.6191e-01   1.0166e+00   8.3289e-01
  -9.7304e-02  -1.1477e-01  -9.4027e-02
   2.4192e-01   2.8535e-01   2.3378e-01
  -5.4643e-03  -6.4453e-03  -5.2803e-03
   2.6933e-03   3.1768e-03   2.6026e-03
   1.5133e-01   1.7849e-01   1.4623e-01
  -1.4704e-01  -1.7344e-01  -1.4209e-01
  -2.6991e-01  -3.1837e-01  -2.6082e-01
  -1.9110e-02  -2.2540e-02  -1.8466e-02
   3.8109e-01   4.4950e-01   3.6826e-01
   1.6542e-02   1.9512e-02   1.5985e-02
   9.0601e-01   1.0686e+00   8.7550e-01
  -2.4502e-02  -2.8900e-02  -2.3676e-02
   1.0033e+00   1.1834e+00   9.6949e-01
  -3.7160e-01  -4.3831e-01  -3.5909e-01
   2.6791e-01   3.1601e-01   2.5889e-01
   4.6787e-02   5.5187e-02   4.5212e-02
   1.4643e-01   1.7272e-01   1.4150e-01
  -2.8555e-01  -3.3681e-01  -2.7593e-01
   1.2669e+00   1.4943e+00   1.2242e+00
   1.6318e+00   1.9248e+00   1.5769e+00
   5.6387e-02   6.6510e-02   5.4488e-02
  -1.9864e-01  -2.3430e-01  -1.9195e-01
   3.3855e-01   3.9933e-01   3.2715e-01
   5.4520e-02   6.4307e-02   5.2684e-02
  -2.8008e-01  -3.3036e-01  -2.7065e-01
   6.4337e-02   7.5887e-02   6.2170e-02
   2.0973e-01   2.4738e-01   2.0266e-01
   1.1070e+00   1.3057e+00   1.0697e+00
   9.9409e-03   1.1725e-02   9.6061e-03
   6.3459e-01   7.4851e-01   6.1322e-01
   7.5974e-02   8.9613e-02   7.3415e-02
  -4.2140e-01  -4.9705e-01  -4.0721e-01
   3.1540e-01   3.7202e-01   3.0478e-01
   4.3122e-02   5.0863e-02   4.1670e-02
   6.0001e-01   7.0772e-01   5.7980e-01
   3.4879e-01   4.1141e-01   3.3705e-01
   7.6011e-01   8.9656e-01   7.3451e-01
  -2.6578e-01  -3.1349e-01  -2.5683e-01
   5.8014e-03   6.8428e-03   5.6060e-03
   3.6286e-01   4.2800e-01   3.5064e-01
  -4.5539e-01  -5.3714e-01  -4.4005e-01
   8.1365e-01   9.5972e-01   7.8625e-01
   1.2725e-02   1.5009e-02   1.2296e-02
   8.5484e-01   1.0083e+00   8.2605e-01
  -8.4346e-02  -9.9488e-02  -8.1506e-02
   4.6672e-02   5.5051e-02   4.5101e-02
   5.0040e-01   5.9023e-01   4.8355e-01
  -2.2768e-01  -2.6855e-01  -2.2001e-01
   5.3491e-02   6.3094e-02   5.1690e-02
   1.3820e-01   1.6300e-01   1.3354e-01
   4.8532e-01   5.7244e-01   4.6898e-01
   6.9775e-01   8.2301e-01   6.7425e-01
   3.2359e-01   3.8168e-01   3.1269e-01
   2.2311e+00   2.6316e+00   2.1560e+00
  -9.3709e-02  -1.1053e-01  -9.0553e-02
  -3.2324e-01  -3.8127e-01  -3.1236e-01
   1.3887e-01   1.6380e-01   1.3419e-01
   2.8292e-02   3.3371e-02   2.7339e-02
  -2.6675e-01  -3.1464e-01  -2.5777e-01
   1.1206e-01   1.3218e-01   1.0829e-01
   2.5392e-02   2.9950e-02   2.4537e-02
  -1.8041e-02  -2.1279e-02  -1.7433e-02
   2.0594e-01   2.4291e-01   1.9900e-01
   3.9150e-02   4.6178e-02   3.7831e-02
   1.9425e+00   2.2912e+00   1.8771e+00
   4.6393e-01   5.4721e-01   4.4831e-01
   4.1310e-01   4.8726e-01   3.9919e-01
   7.1229e-03   8.4016e-03   6.8831e-03
  -1.2022e-01  -1.4180e-01  -1.1617e-01
   3.6836e-01   4.3448e-01   3.5595e-01
   1.2457e-01   1.4694e-01   1.2038e-01
   9.3757e-02   1.1059e-01   9.0600e-02
   4.8318e-01   5.6991e-01   4.6691e-01
  -1.0879e-04  -1.2833e-04  -1.0513e-04
   4.8508e-01   5.7216e-01   4.6874e-01
   1.5070e-01   1.7775e-01   1.4562e-01
   2.1480e+00   2.5336e+00   2.0756e+00
  -4.8494e-01  -5.7199e-01  -4.6861e-01
  -1.0853e-01  -1.2802e-01  -1.0488e-01
  -2.4942e-02  -2.9420e-02  -2.4102e-02
   1.5119e-02   1.7833e-02   1.4610e-02
   2.8159e-01   3.3214e-01   2.7211e-01
  -8.4578e-02  -9.9761e-02  -8.1730e-02
   5.6676e-01   6.6850e-01   5.4767e-01
  -2.3579e-01  -2.7812e-01  -2.2785e-01
  -4.2153e-01  -4.9720e-01  -4.0734e-01
  -2.3096e-01  -2.7242e-01  -2.2318e-01
   2.4415e-02   2.8798e-02   2.3593e-02
   1.7403e+00   2.0528e+00   1.6817e+00
   2.2069e-01   2.6030e-01   2.1326e-01
   2.0487e+00   2.4165e+00   1.9797e+00
   4.0819e-01   4.8147e-01   3.9444e-01
   1.5059e-02   1.7763e-02   1.4552e-02
   6.9972e-01   8.2533e-01   6.7615e-01
   2.0050e+00   2.3650e+00   1.9375e+00
   8.3871e-01   9.8927e-01   8.1046e-01
   6.8973e-01   8.1355e-01   6.6650e-01
   1.3661e-02   1.6113e-02   1.3200e-02
   5.7420e-03   6.7728e-03   5.5487e-03
   5.7793e-02   6.8168e-02   5.5847e-02
   1.7259e+00   2.0357e+00   1.6678e+00
   1.1704e-01   1.3805e-01   1.1310e-01
   4.0213e-01   4.7432e-01   3.8859e-01
   6.4766e-01   7.6392e-01   6.2585e-01
   3.8669e-02   4.5611e-02   3.7367e-02
   1.8885e+00   2.2275e+00   1.8249e+00
   4.7334e-01   5.5832e-01   4.5740e-01
  -1.7995e-01  -2.1225e-01  -1.7389e-01
   5.0052e-01   5.9037e-01   4.8367e-01
   4.8700e-01   5.7443e-01   4.7060e-01
   6.5419e-01   7.7162e-01   6.3216e-01
   1.1095e+00   1.3086e+00   1.0721e+00
   6.4229e-01   7.5760e-01   6.2066e-01
   8.6884e-01   1.0248e+00   8.3958e-01
   4.3829e-01   5.1697e-01   4.2353e-01
   3.1946e-01   3.7680e-01   3.0870e-01
   8.7168e-01   1.0282e+00   8.4233e-01
   2.6732e-01   3.1531e-01   2.5832e-01
   9.3493e-02   1.1028e-01   9.0344e-02
  -2.0872e-02  -2.4619e-02  -2.0169e-02
   8.8579e-02   1.0448e-01   8.5597e-02
   2.9554e-01   3.4859e-01   2.8558e-01
   9.1509e-03   1.0794e-02   8.8427e-03
  -4.7243e-04  -5.5724e-04  -4.5652e-04
   4.7351e-01   5.5851e-01   4.5756e-01
  -1.6618e-01  -1.9601e-01  -1.6058e-01
   1.0129e+00   1.1948e+00   9.7883e-01
  -3.1444e-01  -3.7089e-01  -3.0385e-01
   1.9229e+00   2.2681e+00   1.8582e+00
   8.6503e-02   1.0203e-01   8.3590e-02
   2.6393e-01   3.1131e-01   2.5505e-01
   3.7772e-01   4.4552e-01   3.6500e-01
   5.6020e-02   6.6076e-02   5.4133e-02
  -4.2353e-02  -4.9956e-02  -4.0927e-02
   7.7910e-01   9.1897e-01   7.5287e-01
   6.4083e-03   7.5587e-03   6.1925e-03
  -4.9301e-01  -5.8151e-01  -4.7641e-01
   9.9654e-01   1.1754e+00   9.6299e-01
   6.7113e-02   7.9161e-02   6.4853e-02
   7.6975e-01   9.0793e-01   7.4383e-01
   3.9981e-02   4.7159e-02   3.8635e-02
   9.5110e-01   1.1218e+00   9.1907e-01
   2.3449e-01   2.7658e-01   2.2659e-01
   9.1701e-01   1.0816e+00   8.8613e-01
   2.1377e-01   2.5215e-01   2.0657e-01
   3.1654e-01   3.7336e-01   3.0588e-01
   1.5878e-01   1.8728e-01   1.5343e-01
  -3.9291e-02  -4.6344e-02  -3.7967e-02
   6.1153e-01   7.2131e-01   5.9093e-01
  -8.3370e-02  -9.8337e-02  -8.0563e-02
  -8.6721e-02  -1.0229e-01  -8.3801e-02
   2.5974e-01   3.0636e-01   2.5099e-01
  -4.9345e-02  -5.8203e-02  -4.7683e-02
   1.0597e-01   1.2500e-01   1.0240e-01
   8.7707e-01   1.0345e+00   8.4753e-01
   8.6306e-02   1.0180e-01   8.3400e-02
  -2.0077e-01  -2.3681e-01  -1.9401e-01
  -4.9434e-02  -5.8308e-02  -4.7769e-02
   7.5653e-02   8.9234e-02   7.3105e-02
   7.0607e-01   8.3282e-01   6.8229e-01
   2.5094e-01   2.9598e-01   2.4249e-01
  -6.7289e-01  -7.9369e-01  -6.5023e-01
   9.6396e-01   1.1370e+00   9.3150e-01
   9.1522e-03   1.0795e-02   8.8440e-03
   3.0084e-01   3.5484e-01   2.9071e-01
   9.2372e-01   1.0895e+00   8.9261e-01
   7.1659e-01   8.4523e-01   6.9246e-01
   9.4251e-01   1.1117e+00   9.1077e-01
   4.3613e-01   5.1442e-01   4.2144e-01
  -2.1045e-01  -2.4823e-01  -2.0336e-01
   5.2473e-01   6.1893e-01   5.0706e-01
   1.3391e-01   1.5795e-01   1.2940e-01
   8.4903e-02   1.0014e-01   8.2044e-02
  -1.3848e-01  -1.6334e-01  -1.3382e-01
  -2.3298e-01  -2.7481e-01  -2.2514e-01
   1.6136e-01   1.9033e-01   1.5593e-01
   1.0304e-01   1.2154e-01   9.9572e-02
   4.0348e-02   4.7591e-02   3.8989e-02
   2.9455e+00   3.4743e+00   2.8463e+00
   5.3436e-01   6.3028e-01   5.1636e-01
   1.4668e+00   1.7302e+00   1.4174e+00
   1.5566e-01   1.8360e-01   1.5041e-01
  -1.1023e-01  -1.3001e-01  -1.0652e-01
  -2.1986e-02  -2.5933e-02  -2.1246e-02
   6.1287e-01   7.2290e-01   5.9224e-01
   1.3241e-01   1.5618e-01   1.2795e-01
  -8.8735e-01  -1.0466e+00  -8.5747e-01
   6.3980e-02   7.5465e-02   6.1825e-02
  -1.8065e-02  -2.1308e-02  -1.7457e-02
   1.2796e-01   1.5093e-01   1.2365e-01
   4.5605e-02   5.3791e-02   4.4069e-02
   4.1853e-01   4.9366e-01   4.0444e-01
  -8.1161e-02  -9.5731e-02  -7.8428e-02
   1.1648e-01   1.3739e-01   1.1256e-01
   6.4050e-02   7.5549e-02   6.1894e-02
  -4.3795e-02  -5.1657e-02  -4.2321e-02
   1.2884e-01   1.5197e-01   1.2450e-01
   7.5979e-02   8.9619e-02   7.3420e-02
   1.1116e+00   1.3111e+00   1.0741e+00
   1.2035e-01   1.4195e-01   1.1630e-01
   1.0887e+00   1.2841e+00   1.0520e+00
   6.9728e-01   8.2245e-01   6.7379e-01
  -4.9325e-01  -5.8180e-01  -4.7664e-01
   1.5076e-01   1.7782e-01   1.4568e-01
  -3.7157e-01  -4.3827e-01  -3.5906e-01
  -2.1790e-01  -2.5701e-01  -2.1056e-01
   1.7675e+00   2.0848e+00   1.7080e+00
  -4.2380e-03  -4.9987e-03  -4.0952e-03
   2.7542e-02   3.2486e-02   2.6614e-02
   2.0936e-01   2.4695e-01   2.0231e-01
   5.8865e-01   6.9433e-01   5.6883e-01
   2.2416e-01   2.6440e-01   2.1661e-01
   7.6053e-02   8.9706e-02   7.3492e-02
   3.6842e-01   4.3456e-01   3.5602e-01
  -4.2119e-01  -4.9680e-01  -4.0701e-01
   1.4935e-01   1.7616e-01   1.4432e-01
   3.4649e-01   4.0869e-01   3.3482e-01
   5.7368e-01   6.7667e-01   5.5436e-01
   3.0025e-01   3.5415e-01   2.9014e-01
   1.5296e+00   1.8041e+00   1.4780e+00
  -3.6279e-02  -4.2792e-02  -3.5057e-02
   8.0567e-01   9.5030e-01   7.7853e-01
  -1.2963e-01  -1.5290e-01  -1.2526e-01
   1.0053e+00   1.1858e+00   9.7145e-01
  -2.4642e-02  -2.9065e-02  -2.3812e-02
   1.8667e-01   2.2018e-01   1.8038e-01
  -1.6140e-03  -1.9037e-03  -1.5597e-03
   8.5081e-01   1.0035e+00   8.2215e-01
   1.4244e+00   1.6801e+00   1.3765e+00
   2.3774e+00   2.8041e+00   2.2973e+00
   2.3609e-01   2.7847e-01   2.2814e-01
  -6.2986e-02  -7.4293e-02  -6.0865e-02
   1.0692e+00   1.2612e+00   1.0332e+00
   1.3471e+00   1.5890e+00   1.3018e+00
   2.2749e-01   2.6833e-01   2.1983e-01
  -1.6013e-01  -1.8887e-01  -1.5473e-01
  -4.1989e-03  -4.9527e-03  -4.0575e-03
   1.8510e-01   2.1833e-01   1.7886e-01
   1.7797e+00   2.0992e+00   1.7198e+00
   7.6737e-01   9.0513e-01   7.4153e-01
   8.2687e-03   9.7531e-03   7.9902e-03
  -2.0138e-01  -2.3754e-01  -1.9460e-01
   6.4151e-01   7.5667e-01   6.1991e-01
  -2.1472e-01  -2.5326e-01  -2.0749e-01
   4.9928e-01   5.8892e-01   4.8247e-01
  -6.8412e-02  -8.0694e-02  -6.6109e-02
   2.3149e+00   2.7304e+00   2.2369e+00
   4.6653e-01   5.5028e-01   4.5082e-01
   8.3167e-01   9.8097e-01   8.0367e-01
   7.5755e-01   8.9354e-01   7.3204e-01
  -2.6077e-02  -3.0759e-02  -2.5199e-02
   1.1824e-01   1.3946e-01   1.1426e-01
   2.6057e-01   3.0735e-01   2.5179e-01
  -1.4634e-01  -1.7261e-01  -1.4141e-01
   1.1894e+00   1.4029e+00   1.1494e+00
   8.6665e-01   1.0222e+00   8.3746e-01
   1.3780e+00   1.6254e+00   1.3316e+00
   1.4891e-02   1.7564e-02   1.4390e-02
   1.3971e+00   1.6479e+00   1.3501e+00
   1.0257e+00   1.2098e+00   9.9117e-01
   2.6686e-01   3.1476e-01   2.5787e-01
   1.1704e+00   1.3805e+00   1.1310e+00
   5.5553e-01   6.5525e-01   5.3682e-01
   1.6956e+00   2.0000e+00   1.6385e+00
  -5.1025e-01  -6.0185e-01  -4.9307e-01
   1.0030e+00   1.1830e+00   9.6921e-01
  -8.7736e-03  -1.0349e-02  -8.4782e-03
  -9.0212e-02  -1.0641e-01  -8.7174e-02
   2.0818e-01   2.4556e-01   2.0117e-01
   2.8838e-01   3.4015e-01   2.7867e-01
   1.6849e+00   1.9873e+00   1.6281e+00
  -1.3935e-01  -1.6437e-01  -1.3466e-01
   1.5498e+00   1.8280e+00   1.4976e+00
   3.1427e-01   3.7069e-01   3.0369e-01
   5.8389e-01   6.8871e-01   5.6423e-01
   1.0899e-01   1.2855e-01   1.0532e-01
   2.3760e+00   2.8025e+00   2.2960e+00
  -5.6515e-01  -6.6660e-01  -5.4612e-01
   2.0141e-01   2.3757e-01   1.9463e-01
   5.1453e-01   6.0690e-01   4.9720e-01
   1.3750e+00   1.6218e+00   1.3287e+00
   5.9588e-01   7.0285e-01   5.7581e-01
   2.0945e-01   2.4705e-01   2.0240e-01
  -1.6943e-01  -1.9984e-01  -1.6372e-01
   7.7923e-01   9.1912e-01   7.5299e-01
   5.4912e-02   6.4769e-02   5.3063e-02
  -1.7755e-01  -2.0942e-01  -1.7157e-01
   2.4102e-02   2.8428e-02   2.3290e-02
   2.0489e-01   2.4167e-01   1.9799e-01
  -1.8925e-01  -2.2322e-01  -1.8288e-01
   2.4098e-02   2.8424e-02   2.3286e-02
  -5.4832e-02  -6.4675e-02  -5.2985e-02
   2.8928e-02   3.4121e-02   2.7953e-02
   9.8295e-01   1.1594e+00   9.4985e-01
   1.1115e-01   1.3110e-01   1.0741e-01
   4.6588e-02   5.4951e-02   4.5019e-02
   9.3365e-01   1.1013e+00   9.0221e-01
  -1.5677e+00  -1.8492e+00  -1.5149e+00
   2.9895e-01   3.5262e-01   2.8888e-01
  -8.3339e-02  -9.8300e-02  -8.0533e-02
   1.3354e-01   1.5751e-01   1.2904e-01
   1.5732e+00   1.8556e+00   1.5202e+00
   2.8370e-01   3.3463e-01   2.7414e-01
   2.2639e-01   2.6704e-01   2.1877e-01
  -3.6858e-01  -4.3475e-01  -3.5617e-01
   2.0646e+00   2.4353e+00   1.9951e+00
   6.9237e-01   8.1666e-01   6.6905e-01
   2.2290e-01   2.6291e-01   2.1539e-01
  -7.8374e-02  -9.2444e-02  -7.5735e-02
   2.2775e+00   2.6864e+00   2.2008e+00
  -2.2608e-02  -2.6666e-02  -2.1846e-02
   5.9216e-01   6.9846e-01   5.7222e-01
   3.7775e-04   4.4557e-04   3.6503e-04
   4.5040e-01   5.3125e-01   4.3523e-01
  -2.7336e-01  -3.2244e-01  -2.6416e-01
   1.3006e+00   1.5341e+00   1.2568e+00
  -2.1992e-01  -2.5940e-01  -2.1252e-01
   9.2176e-02   1.0872e-01   8.9072e-02
  -1.5086e-01  -1.7794e-01  -1.4578e-01
   1.0955e+00   1.2922e+00   1.0586e+00
  -2.3050e-02  -2.7187e-02  -2.2273e-02
   1.1148e+00   1.3150e+00   1.0773e+00
   6.1152e-01   7.2130e-01   5.9093e-01
   1.0433e-02   1.2306e-02   1.0082e-02
  -4.6959e-02  -5.5389e-02  -4.5378e-02
  -6.2707e-02  -7.3964e-02  -6.0595e-02
   4.9575e-01   5.8475e-01   4.7906e-01
   4.5384e-01   5.3532e-01   4.3856e-01
  -6.2696e-02  -7.3951e-02  -6.0585e-02
  -1.2409e-01  -1.4637e-01  -1.1991e-01
  -1.9487e-01  -2.2985e-01  -1.8831e-01
   8.6048e-03   1.0150e-02   8.3151e-03
  -2.8164e-02  -3.3220e-02  -2.7215e-02
   3.7005e-01   4.3648e-01   3.5759e-01
   3.4520e-01   4.0717e-01   3.3358e-01
  -4.3320e-01  -5.1097e-01  -4.1862e-01
  -3.8382e-02  -4.5272e-02  -3.7089e-02
   2.1864e-01   2.5789e-01   2.1128e-01
   7.8200e-02   9.2238e-02   7.5566e-02
   9.3521e-01   1.1031e+00   9.0371e-01
  -1.4651e-01  -1.7282e-01  -1.4158e-01
  -4.5163e-01  -5.3270e-01  -4.3642e-01
   7.1687e-02   8.4556e-02   6.9273e-02
   1.3753e+00   1.6222e+00   1.3290e+00
  -1.0747e-01  -1.2676e-01  -1.0385e-01
   6.9380e-01   8.1835e-01   6.7044e-01
   2.5328e-01   2.9875e-01   2.4475e-01
   2.9100e-01   3.4324e-01   2.8120e-01
  -7.4643e-02  -8.8043e-02  -7.2130e-02
  -3.9426e-01  -4.6503e-01  -3.8098e-01
  -1.8279e-01  -2.1560e-01  -1.7663e-01
   3.8173e-01   4.5025e-01   3.6887e-01
  -1.4226e-02  -1.6780e-02  -1.3747e-02
  -6.6421e-01  -7.8344e-01  -6.4184e-01
   4.5779e-01   5.3997e-01   4.4237e-01
   4.0088e-01   4.7284e-01   3.8738e-01
   3.6442e-01   4.2984e-01   3.5215e-01
   3.2724e-01   3.8599e-01   3.1622e-01
   9.1245e-01   1.0763e+00   8.8173e-01
   2.1620e-02   2.5501e-02   2.0892e-02
   3.9277e-01   4.6327e-01   3.7954e-01
   1.5715e-02   1.8536e-02   1.5186e-02
   3.3827e-03   3.9900e-03   3.2688e-03
   9.3273e-01   1.1002e+00   9.0132e-01
  -1.2959e-01  -1.5285e-01  -1.2523e-01
  -3.3835e-01  -3.9909e-01  -3.2696e-01
  -5.9774e-01  -7.0504e-01  -5.7761e-01
   3.7659e-01   4.4420e-01   3.6391e-01
   1.8956e-01   2.2358e-01   1.8317e-01
   1.1901e+00   1.4037e+00   1.1500e+00
   2.6174e-01   3.0872e-01   2.5292e-01
   4.4407e-01   5.2379e-01   4.2912e-01
   1.0943e-01   1.2908e-01   1.0575e-01
  -7.2777e-05  -8.5841e-05  -7.0326e-05
   5.4581e-01   6.4379e-01   5.2742e-01
   2.3270e-01   2.7447e-01   2.2486e-01
  -8.6991e-02  -1.0261e-01  -8.4062e-02
   7.6101e-02   8.9762e-02   7.3538e-02
   1.3140e+00   1.5499e+00   1.2697e+00
   3.7460e-01   4.4185e-01   3.6198e-01
   9.6124e-02   1.1338e-01   9.2887e-02
  -2.5791e-01  -3.0421e-01  -2.4923e-01
  -3.7649e-02  -4.4408e-02  -3.6382e-02
   1.3532e-02   1.5961e-02   1.3076e-02
   4.2977e-01   5.0693e-01   4.1530e-01
  -1.6800e-02  -1.9816e-02  -1.6234e-02
   2.1190e-01   2.4994e-01   2.0476e-01
   6.4810e-01   7.6444e-01   6.2627e-01
   5.5690e-01   6.5687e-01   5.3814e-01
   1.9584e+00   2.3100e+00   1.8925e+00
   6.9531e-01   8.2013e-01   6.7189e-01
   6.3143e-01   7.4479e-01   6.1017e-01
  -1.6107e-01  -1.8999e-01  -1.5565e-01
   1.7560e-01   2.0712e-01   1.6968e-01
   8.3269e-03   9.8218e-03   8.0465e-03
   1.4599e+00   1.7220e+00   1.4107e+00
  -6.2000e-02  -7.3130e-02  -5.9912e-02
   1.4024e+00   1.6541e+00   1.3551e+00
  -1.6122e-01  -1.9017e-01  -1.5580e-01
   4.5308e-01   5.3442e-01   4.3782e-01
   6.6485e-03   7.8421e-03   6.4246e-03
   4.4343e-02   5.2304e-02   4.2850e-02
   3.1448e-01   3.7094e-01   3.0389e-01
  -5.0594e-01  -5.9676e-01  -4.8890e-01
   6.2983e-01   7.4289e-01   6.0862e-01
   3.9187e-01   4.6222e-01   3.7868e-01
   1.7976e-01   2.1203e-01   1.7371e-01
   1.1087e+00   1.3077e+00   1.0713e+00
   2.2061e+00   2.6021e+00   2.1318e+00
   1.2286e+00   1.4491e+00   1.1872e+00
   1.7153e-01   2.0233e-01   1.6576e-01
   1.7441e-02   2.0572e-02   1.6854e-02
  -3.1016e-02  -3.6584e-02  -2.9972e-02
   8.7050e-01   1.0268e+00   8.4119e-01
  -5.3846e-02  -6.3512e-02  -5.2033e-02
   2.2948e-01   2.7068e-01   2.2176e-01
   5.4466e-01   6.4243e-01   5.2632e-01
   1.0571e+00   1.2468e+00   1.0215e+00
   1.5078e+00   1.7785e+00   1.4570e+00
   1.9042e+00   2.2460e+00   1.8401e+00
   6.4823e-01   7.6460e-01   6.2640e-01
   6.8459e-02   8.0748e-02   6.6153e-02
   5.0846e-01   5.9973e-01   4.9133e-01
   1.0755e+00   1.2685e+00   1.0393e+00
   2.4281e-01   2.8640e-01   2.3464e-01
  -3.0616e-02  -3.6112e-02  -2.9585e-02
  -1.9380e-01  -2.2859e-01  -1.8727e-01
   7.6228e-01   8.9913e-01   7.3661e-01
   7.3449e-02   8.6635e-02   7.0976e-02
   4.8634e-02   5.7364e-02   4.6996e-02
   1.2218e+00   1.4412e+00   1.1807e+00
   2.9305e-02   3.4566e-02   2.8318e-02
   7.2298e-01   8.5277e-01   6.9864e-01
  -1.3311e-01  -1.5700e-01  -1.2862e-01
   1.8494e-01   2.1814e-01   1.7872e-01
   3.8034e-01   4.4861e-01   3.6753e-01
  -7.5144e-02  -8.8633e-02  -7.2613e-02
   5.1671e-02   6.0947e-02   4.9931e-02
   1.0622e-02   1.2529e-02   1.0264e-02
   6.7511e-01   7.9631e-01   6.5238e-01
   2.8999e-03   3.4205e-03   2.8023e-03
   3.6838e-01   4.3451e-01   3.5597e-01
   1.1462e+00   1.3519e+00   1.1076e+00
  -1.8495e-01  -2.1815e-01  -1.7872e-01
   1.0286e+00   1.2132e+00   9.9392e-01
  -6.6927e-02  -7.8941e-02  -6.4673e-02
   1.4317e-01   1.6887e-01   1.3834e-01
   1.7748e-02   2.0934e-02   1.7151e-02
   1.5609e+00   1.8411e+00   1.5083e+00
   5.8145e-01   6.8583e-01   5.6187e-01
   2.5680e+00   3.0290e+00   2.4816e+00
   6.8425e-01   8.0708e-01   6.6121e-01
  -6.2815e-01  -7.4091e-01  -6.0700e-01
   1.0428e-01   1.2299e-01   1.0076e-01
   6.1914e-02   7.3029e-02   5.9829e-02
  -2.1790e-01  -2.5702e-01  -2.1057e-01
   2.8925e-01   3.4117e-01   2.7951e-01
   3.0208e-01   3.5631e-01   2.9191e-01
  -1.1545e-01  -1.3617e-01  -1.1156e-01
   1.0082e-01   1.1892e-01   9.7427e-02
   8.4306e-01   9.9440e-01   8.1467e-01
   2.0806e-02   2.4541e-02   2.0105e-02
  -1.2710e+00  -1.4991e+00  -1.2282e+00
  -1.9290e-01  -2.2753e-01  -1.8641e-01
   1.3273e-01   1.5656e-01   1.2826e-01
   1.3714e+00   1.6175e+00   1.3252e+00
  -3.2172e-01  -3.7947e-01  -3.1088e-01
   2.6719e-01   3.1516e-01   2.5820e-01
  -5.4020e-01  -6.3717e-01  -5.2201e-01
   2.4085e-01   2.8409e-01   2.3274e-01
  -5.9876e-02  -7.0624e-02  -5.7859e-02
   2.6095e-01   3.0779e-01   2.5216e-01
   7.5635e-02   8.9212e-02   7.3088e-02
   1.3936e+00   1.6437e+00   1.3466e+00
  -2.1643e-01  -2.5529e-01  -2.0915e-01
   3.7494e-01   4.4224e-01   3.6231e-01
  -4.1668e-02  -4.9148e-02  -4.0265e-02
  -1.6271e-01  -1.9192e-01  -1.5723e-01
   9.6997e-01   1.1441e+00   9.3731e-01
   2.2721e-01   2.6800e-01   2.1956e-01
   1.2625e+00   1.4891e+00   1.2199e+00
   5.2600e-02   6.2043e-02   5.0829e-02
   1.0779e+00   1.2714e+00   1.0416e+00
   3.0011e-01   3.5399e-01   2.9000e-01
  -5.2369e-02  -6.1771e-02  -5.0606e-02
   1.7355e-01   2.0470e-01   1.6770e-01
  -8.9145e-02  -1.0515e-01  -8.6143e-02
  -6.7012e-02  -7.9041e-02  -6.4755e-02
   2.6676e-02   3.1464e-02   2.5777e-02
   1.4671e+00   1.7305e+00   1.4177e+00
   6.5950e-01   7.7789e-01   6.3729e-01
   3.0702e-01   3.6214e-01   2.9668e-01
  -5.8926e-02  -6.9504e-02  -5.6941e-02
   1.9904e-01   2.3477e-01   1.9234e-01
   4.5556e-01   5.3734e-01   4.4022e-01
   3.2902e-01   3.8809e-01   3.1794e-01
   5.2482e-01   6.1904e-01   5.0715e-01
   4.9157e-01   5.7981e-01   4.7501e-01
   1.2321e+00   1.4532e+00   1.1906e+00
  -2.7721e-01  -3.2697e-01  -2.6787e-01
   7.5433e-01   8.8974e-01   7.2893e-01
   1.7384e-01   2.0505e-01   1.6799e-01
  -2.0085e-01  -2.3690e-01  -1.9408e-01
   3.2715e-01   3.8587e-01   3.1613e-01
   1.2550e-02   1.4803e-02   1.2127e-02
   4.6195e-03   5.4488e-03   4.4640e-03
   3.6364e-01   4.2892e-01   3.5140e-01
   4.5896e-01   5.4136e-01   4.4351e-01
   2.1112e-01   2.4902e-01   2.0401e-01
   1.3104e-01   1.5457e-01   1.2663e-01
   2.1530e-01   2.5395e-01   2.0805e-01
   4.8318e-01   5.6991e-01   4.6691e-01
  -1.3210e-02  -1.5582e-02  -1.2765e-02
   2.1351e-02   2.5184e-02   2.0632e-02
   8.9135e-03   1.0514e-02   8.6133e-03
  -1.6622e-02  -1.9606e-02  -1.6063e-02
  -6.9000e-01  -8.1387e-01  -6.6677e-01
   3.4745e-01   4.0982e-01   3.3575e-01
   7.9048e-01   9.3238e-01   7.6386e-01
   9.0710e-02   1.0699e-01   8.7655e-02
  -1.7841e-01  -2.1044e-01  -1.7240e-01
  -2.2260e-01  -2.6256e-01  -2.1510e-01
  -7.5612e-02  -8.9186e-02  -7.3066e-02
   2.0650e-01   2.4357e-01   1.9955e-01
   8.6091e-01   1.0155e+00   8.3192e-01
   1.8316e-01   2.1605e-01   1.7700e-01
   3.9517e-01   4.6611e-01   3.8186e-01
   2.3276e-01   2.7455e-01   2.2492e-01
  -6.4635e-02  -7.6238e-02  -6.2458e-02
   6.0562e-01   7.1434e-01   5.8523e-01
   9.7105e-01   1.1454e+00   9.3835e-01
  -1.0494e-01  -1.2378e-01  -1.0141e-01
   2.0910e-01   2.4663e-01   2.0206e-01
   7.8847e-03   9.3001e-03   7.6192e-03
  -7.7254e-01  -9.1122e-01  -7.4652e-01
  -8.4488e-03  -9.9655e-03  -8.1643e-03
   5.1160e-01   6.0345e-01   4.9438e-01
   1.5889e+00   1.8741e+00   1.5354e+00
   3.0225e-02   3.5651e-02   2.9208e-02
  -3.0850e-01  -3.6388e-01  -2.9811e-01
   3.0337e-01   3.5783e-01   2.9316e-01
   1.5039e-01   1.7738e-01   1.4532e-01
   9.2410e-03   1.0900e-02   8.9298e-03
  -5.5939e-01  -6.5982e-01  -5.4056e-01
   1.9693e+00   2.3228e+00   1.9030e+00
   1.0460e+00   1.2338e+00   1.0108e+00
   4.6057e-03   5.4325e-03   4.4506e-03
   9.6725e-01   1.1409e+00   9.3468e-01
   3.2644e-01   3.8504e-01   3.1545e-01
   2.6538e-01   3.1302e-01   2.5644e-01
   1.7131e-01   2.0206e-01   1.6554e-01
   5.5922e-03   6.5961e-03   5.4039e-03
  -1.0665e-01  -1.2579e-01  -1.0305e-01
  -1.8417e-01  -2.1723e-01  -1.7797e-01
   2.4466e-01   2.8858e-01   2.3642e-01
   1.1720e-01   1.3824e-01   1.1326e-01
   8.5857e-01   1.0127e+00   8.2966e-01
   6.0741e-01   7.1645e-01   5.8695e-01
   5.5905e-01   6.5941e-01   5.4022e-01
   6.7721e-01   7.9878e-01   6.5441e-01
   6.1354e-01   7.2368e-01   5.9288e-01
  -2.2893e-01  -2.7002e-01  -2.2122e-01
   1.9121e-01   2.2553e-01   1.8477e-01
  -2.5226e-01  -2.9754e-01  -2.4376e-01
  -1.2875e-01  -1.5186e-01  -1.2441e-01
   3.8524e-01   4.5440e-01   3.7227e-01
   5.4712e-01   6.4534e-01   5.2870e-01
  -5.1051e-01  -6.0215e-01  -4.9332e-01
   2.8481e-02   3.3594e-02   2.7522e-02
   1.0041e+00   1.1843e+00   9.7025e-01
   7.2610e-01   8.5645e-01   7.0165e-01
   8.9314e-01   1.0535e+00   8.6307e-01
   2.4232e-02   2.8582e-02   2.3416e-02
   5.5575e-01   6.5551e-01   5.3703e-01
   1.2673e-01   1.4948e-01   1.2246e-01
   1.4058e+00   1.6582e+00   1.3585e+00
   1.7106e-01   2.0177e-01   1.6530e-01
  -2.0632e-01  -2.4336e-01  -1.9937e-01
   1.8244e-02   2.1519e-02   1.7630e-02
   2.0580e-02   2.4274e-02   1.9887e-02
   3.0596e-01   3.6088e-01   2.9565e-01
   1.1099e-02   1.3091e-02   1.0725e-02
   5.6174e-01   6.6258e-01   5.4283e-01
   4.2200e-01   4.9775e-01   4.0778e-01
   1.2934e+00   1.5256e+00   1.2499e+00
   1.0008e-01   1.1805e-01   9.6710e-02
   1.0734e-01   1.2661e-01   1.0372e-01
   6.4017e-02   7.5509e-02   6.1861e-02
  -7.2534e-02  -8.5555e-02  -7.0091e-02
   1.1463e+00   1.3521e+00   1.1077e+00
   7.3234e-02   8.6380e-02   7.0768e-02
   5.2946e-01   6.2451e-01   5.1163e-01
   1.2411e+00   1.4639e+00   1.1993e+00
   1.2559e+00   1.4813e+00   1.2136e+00
   1.6483e-02   1.9442e-02   1.5928e-02
   3.2962e-02   3.8879e-02   3.1852e-02
   2.4425e+00   2.8810e+00   2.3602e+00
   6.0620e-01   7.1502e-01   5.8579e-01
   4.7520e-01   5.6051e-01   4.5920e-01
   9.2023e-02   1.0854e-01   8.8924e-02
   1.2012e+00   1.4168e+00   1.1607e+00
   3.2671e-01   3.8536e-01   3.1570e-01
   1.6506e+00   1.9470e+00   1.5951e+00
   1.5051e-02   1.7753e-02   1.4544e-02
   1.4983e-02   1.7673e-02   1.4479e-02
   1.1534e+00   1.3604e+00   1.1145e+00
  -6.1722e-02  -7.2802e-02  -5.9643e-02
   7.3023e-02   8.6132e-02   7.0564e-02
   5.0286e-02   5.9313e-02   4.8592e-02
   8.3134e-02   9.8058e-02   8.0334e-02
   8.5698e-01   1.0108e+00   8.2813e-01
   1.3700e-02   1.6159e-02   1.3238e-02
   3.4681e-01   4.0906e-01   3.3513e-01
   7.3572e-01   8.6779e-01   7.1094e-01
  -8.8742e-03  -1.0467e-02  -8.5753e-03
   1.3445e+00   1.5859e+00   1.2993e+00
  -1.2103e-03  -1.4276e-03  -1.1696e-03
   1.0761e+00   1.2693e+00   1.0399e+00
   9.3705e-01   1.1053e+00   9.0549e-01
   3.2348e-01   3.8155e-01   3.1259e-01
  -2.9414e-01  -3.4695e-01  -2.8424e-01
   7.3797e-01   8.7045e-01   7.1312e-01
   1.1060e+00   1.3046e+00   1.0688e+00
   7.4909e-01   8.8356e-01   7.2386e-01
   4.8503e-01   5.7210e-01   4.6870e-01
  -1.0872e-01  -1.2824e-01  -1.0506e-01
   5.2872e-01   6.2364e-01   5.1092e-01
   1.0364e+00   1.2225e+00   1.0015e+00
   1.5784e+00   1.8617e+00   1.5252e+00
  -1.9912e-02  -2.3486e-02  -1.9241e-02
  -2.6273e-01  -3.0990e-01  -2.5388e-01
   1.4325e-02   1.6896e-02   1.3843e-02
   1.2956e-01   1.5282e-01   1.2520e-01
   2.0168e-01   2.3789e-01   1.9489e-01
   5.1250e-02   6.0450e-02   4.9524e-02
   3.0402e-02   3.5860e-02   2.9378e-02
   1.2599e-03   1.4860e-03   1.2174e-03
   5.2656e-01   6.2109e-01   5.0883e-01
  -9.1173e-02  -1.0754e-01  -8.8102e-02
   5.6374e-01   6.6494e-01   5.4476e-01
   2.4876e-02   2.9341e-02   2.4038e-02
   6.2790e-01   7.4062e-01   6.0676e-01
   8.5729e-01   1.0112e+00   8.2842e-01
  -1.0031e-01  -1.1832e-01  -9.6931e-02
   7.7153e-01   9.1004e-01   7.4555e-01
  -3.1855e-01  -3.7573e-01  -3.0782e-01
   3.9739e-01   4.6873e-01   3.8401e-01
   5.2554e-01   6.1989e-01   5.0784e-01
  -4.5318e-02  -5.3453e-02  -4.3792e-02
   3.4180e-01   4.0316e-01   3.3029e-01
  -4.0091e-02  -4.7288e-02  -3.8741e-02
   1.4545e-01   1.7156e-01   1.4055e-01
   2.4586e-02   2.9000e-02   2.3758e-02
   1.4146e-01   1.6686e-01   1.3670e-01
   3.2480e-01   3.8311e-01   3.1386e-01
   4.5041e-01   5.3127e-01   4.3524e-01
   1.0064e+00   1.1871e+00   9.7255e-01
   1.7178e-02   2.0262e-02   1.6599e-02
  -2.0850e-01  -2.4593e-01  -2.0148e-01
   8.6278e-01   1.0177e+00   8.3373e-01
   5.8205e-01   6.8654e-01   5.6245e-01
   3.4384e-03   4.0557e-03   3.3226e-03
  -1.1633e-01  -1.3722e-01  -1.1242e-01
   9.0309e-01   1.0652e+00   8.7268e-01
   1.3546e-03   1.5978e-03   1.3090e-03
   3.3253e-01   3.9222e-01   3.2133e-01
   4.1922e-01   4.9447e-01   4.0510e-01
   2.4537e-01   2.8942e-01   2.3710e-01
  -2.4374e-02  -2.8749e-02  -2.3553e-02
   7.8577e-01   9.2683e-01   7.5931e-01
   3.6056e-01   4.2528e-01   3.4841e-01
   2.7968e-02   3.2989e-02   2.7027e-02
   1.0283e-01   1.2129e-01   9.9364e-02
   2.2770e-01   2.6857e-01   2.2003e-01
  -8.5382e-02  -1.0071e-01  -8.2507e-02
   1.3129e-01   1.5485e-01   1.2686e-01
  -1.3821e-01  -1.6303e-01  -1.3356e-01
   1.5760e-01   1.8590e-01   1.5230e-01
  -1.7658e-02  -2.0828e-02  -1.7063e-02
  -3.6868e-01  -4.3487e-01  -3.5627e-01
   2.0935e-02   2.4693e-02   2.0230e-02
   7.4269e-01   8.7601e-01   7.1768e-01
   3.5883e-02   4.2325e-02   3.4675e-02
   4.2471e-01   5.0096e-01   4.1041e-01
   1.0680e-02   1.2597e-02   1.0320e-02
  -2.9406e-02  -3.4685e-02  -2.8416e-02
   2.0664e-01   2.4373e-01   1.9968e-01
   1.3693e-01   1.6151e-01   1.3232e-01
  -6.4010e-03  -7.5501e-03  -6.1855e-03
   1.0698e+00   1.2619e+00   1.0338e+00
   1.8360e+00   2.1656e+00   1.7742e+00
  -2.2763e-02  -2.6849e-02  -2.1996e-02
   1.8185e-02   2.1449e-02   1.7572e-02
  -2.4174e-02  -2.8513e-02  -2.3360e-02
  -4.9394e-02  -5.8261e-02  -4.7731e-02
   5.4611e-02   6.4414e-02   5.2771e-02
   3.7395e-01   4.4108e-01   3.6136e-01
  -1.6784e-02  -1.9798e-02  -1.6219e-02
   6.4325e-01   7.5872e-01   6.2159e-01
   6.0520e-03   7.1384e-03   5.8482e-03
  -8.5617e-02  -1.0099e-01  -8.2734e-02
   1.7753e-01   2.0939e-01   1.7155e-01
  -1.0464e-02  -1.2342e-02  -1.0111e-02
  -8.3736e-02  -9.8768e-02  -8.0916e-02
   1.5548e-01   1.8339e-01   1.5024e-01
   2.5769e-01   3.0394e-01   2.4901e-01
   9.1494e-02   1.0792e-01   8.8413e-02
   8.1256e-02   9.5843e-02   7.8520e-02
   9.9240e-01   1.1706e+00   9.5898e-01
   4.0450e-02   4.7712e-02   3.9088e-02
   3.8507e-02   4.5420e-02   3.7210e-02
  -2.1354e-01  -2.5188e-01  -2.0635e-01
  -4.9105e-01  -5.7920e-01  -4.7451e-01
   3.5627e-01   4.2023e-01   3.4427e-01
  -7.4120e-02  -8.7425e-02  -7.1624e-02
   7.3785e-01   8.7031e-01   7.1301e-01
  -2.3637e-02  -2.7881e-02  -2.2841e-02
   3.8384e-01   4.5275e-01   3.7092e-01
  -5.0298e-01  -5.9327e-01  -4.8604e-01
   1.9729e-01   2.3271e-01   1.9065e-01
   2.6621e-01   3.1400e-01   2.5725e-01
  -5.8462e-01  -6.8957e-01  -5.6494e-01
   1.2135e+00   1.4313e+00   1.1726e+00

